1384	1032	1408	2095
1429	1070	1442	2124
1447	1094	1472	2156
1381	1075	1468	2162
1302	1048	1448	2147
1229	1000	1397	2103
1161	949	1352	2063
1135	917	1329	2059
1123	890	1309	2077
1142	894	1332	2153
1159	909	1362	2228
1162	916	1368	2235
1159	920	1377	2227
1130	910	1358	2177
1100	896	1327	2111
1077	877	1297	2078
1060	853	1278	2071
1073	847	1291	2131
1089	853	1305	2197
1094	863	1321	2232
1099	871	1336	2252
1094	871	1325	2205
1081	862	1308	2149
1065	850	1286	2103
1052	841	1266	2064
1058	833	1265	2067
1071	831	1269	2094
1104	855	1291	2153
1140	887	1322	2204
1162	904	1329	2181
1170	909	1325	2140
1141	895	1309	2095
1114	883	1291	2057
1100	871	1276	2045
1094	858	1268	2049
1119	873	1294	2106
1151	893	1327	2173
1171	917	1352	2200
1175	944	1373	2196
1178	972	1372	2155
1190	996	1365	2114
1257	1024	1370	2099
1353	1068	1380	2087
1461	1112	1404	2098
1549	1154	1437	2127
1486	1132	1440	2142
1389	1091	1432	2145
1323	1059	1408	2131
1283	1032	1392	2118
1344	1051	1392	2099
1432	1082	1393	2085
1471	1089	1393	2083
1462	1077	1390	2085
1367	1033	1365	2076
1253	977	1339	2053
1189	946	1326	2047
1145	919	1312	2046
1123	899	1304	2048
1103	889	1299	2063
1116	888	1317	2129
1131	893	1340	2195
1135	899	1353	2210
1129	902	1355	2201
1101	897	1336	2149
1070	879	1308	2085
1052	861	1285	2053
1038	848	1272	2025
1042	855	1289	2029
1052	868	1325	2049
1073	888	1402	2103
1091	912	1466	2153
1087	911	1460	2146
1077	902	1432	2131
1058	886	1374	2088
1039	865	1318	2039
1032	863	1302	2032
1030	858	1294	2022
1035	857	1289	2010
1043	865	1287	2010
1063	919	1311	2022
1090	988	1346	2043
1127	1059	1381	2067
1154	1108	1408	2078
1132	1067	1384	2061
1098	1014	1346	2033
1079	969	1322	2020
1077	943	1309	2019
1125	998	1348	2058
1187	1071	1408	2105
1244	1174	1481	2148
1281	1253	1532	2180
1250	1215	1497	2154
1204	1159	1449	2119
1155	1073	1394	2081
1116	994	1349	2068
1106	956	1340	2123
1106	929	1338	2174
1118	927	1340	2198
1129	929	1344	2207
1121	923	1332	2150
1109	917	1314	2101
1094	899	1297	2071
1080	880	1280	2055
1085	872	1288	2100
1096	871	1302	2153
1116	892	1331	2214
1135	907	1358	2256
1133	916	1361	2223
1131	925	1352	2179
1152	932	1337	2140
1188	945	1332	2107
1295	994	1348	2097
1406	1050	1372	2099
1437	1070	1388	2111
1427	1065	1392	2112
1335	1019	1365	2096
1249	975	1337	2083
1242	963	1327	2070
1266	973	1330	2066
1352	1017	1357	2075
1428	1063	1387	2093
1416	1070	1399	2101
1381	1060	1404	2104
1310	1026	1383	2089
1240	993	1355	2062
1206	970	1332	2038
1183	948	1312	2023
1167	948	1310	2015
1167	971	1322	2024
1202	1053	1370	2053
1242	1148	1431	2090
1245	1174	1443	2104
1222	1162	1433	2098
1173	1079	1390	2060
1128	994	1348	2031
1107	960	1335	2021
1093	937	1327	2019
1115	978	1346	2041
1146	1043	1383	2064
1166	1097	1414	2077
1178	1121	1430	2083
1144	1065	1394	2060
1100	1001	1350	2035
1077	951	1325	2027
1062	913	1304	2019
1078	940	1326	2032
1111	995	1356	2057
1164	1092	1408	2094
1218	1184	1467	2127
1214	1184	1460	2120
1185	1141	1432	2095
1140	1062	1385	2062
1100	995	1341	2039
1104	998	1347	2047
1122	1022	1364	2056
1184	1125	1424	2102
1251	1246	1497	2150
1269	1288	1518	2156
1269	1292	1521	2157
1213	1189	1464	2123
1147	1074	1393	2081
1110	1008	1374	2068
1090	963	1376	2076
1125	978	1448	2139
1165	1006	1523	2200
1203	1042	1568	2235
1230	1069	1588	2248
1200	1048	1526	2196
1160	1011	1449	2128
1133	973	1403	2087
1109	937	1374	2063
1117	934	1411	2097
1133	945	1472	2145
1158	979	1572	2217
1185	1012	1666	2288
1182	1009	1644	2270
1162	992	1581	2224
1126	954	1491	2158
1094	916	1409	2096
1076	904	1384	2074
1066	900	1376	2064
1097	929	1443	2120
1135	966	1527	2185
1197	1029	1637	2271
1259	1091	1734	2351
1265	1105	1705	2325
1246	1104	1644	2274
1190	1051	1555	2198
1135	992	1465	2127
1105	956	1419	2092
1088	936	1391	2075
1104	971	1398	2092
1127	1018	1415	2101
1147	1065	1431	2102
1163	1099	1441	2099
1137	1058	1409	2071
1100	1001	1367	2050
1076	953	1339	2042
1054	917	1330	2028
1073	951	1360	2040
1097	1004	1389	2066
1122	1064	1416	2083
1145	1097	1435	2086
1121	1047	1398	2068
1086	988	1360	2044
1059	936	1342	2025
1043	897	1317	2014
1058	906	1353	2043
1077	921	1405	2085
1101	947	1448	2117
1122	967	1479	2142
1108	946	1439	2107
1084	926	1388	2065
1060	896	1342	2035
1041	871	1302	2006
1040	877	1295	2000
1045	894	1297	2008
1081	968	1335	2040
1124	1046	1379	2063
1150	1105	1405	2076
1163	1137	1423	2082
1132	1075	1387	2055
1095	1004	1344	2030
1070	958	1324	2020
1051	923	1323	2026
1093	955	1401	2093
1150	1006	1495	2171
1206	1062	1576	2225
1254	1115	1634	2266
1231	1102	1583	2226
1194	1063	1508	2167
1145	1000	1440	2113
1093	947	1388	2068
1079	933	1402	2072
1088	940	1440	2104
1114	973	1526	2172
1136	1000	1612	2228
1126	993	1605	2220
1112	975	1572	2195
1087	936	1487	2135
1051	894	1394	2070
1036	873	1358	2044
1026	860	1348	2036
1035	871	1399	2072
1056	890	1473	2128
1083	920	1550	2184
1102	943	1607	2227
1092	926	1559	2206
1073	902	1488	2160
1047	871	1418	2112
1028	841	1354	2075
1025	829	1332	2086
1028	824	1322	2102
1038	837	1329	2136
1048	851	1337	2175
1056	858	1343	2166
1058	866	1336	2138
1045	860	1311	2092
1033	849	1293	2053
1031	848	1291	2037
1034	864	1302	2044
1072	934	1355	2077
1124	1029	1411	2110
1175	1123	1454	2135
1214	1197	1495	2151
1183	1153	1461	2124
1145	1082	1412	2094
1108	1006	1365	2076
1068	935	1327	2080
1061	909	1331	2119
1061	894	1335	2157
1067	895	1346	2175
1071	899	1351	2173
1061	894	1330	2121
1050	879	1302	2071
1035	863	1285	2045
1020	849	1272	2019
1029	870	1283	2030
1048	905	1305	2044
1107	995	1362	2087
1171	1101	1427	2134
1194	1152	1455	2146
1197	1170	1461	2145
1154	1094	1409	2109
1107	1009	1351	2069
1083	964	1324	2043
1065	934	1309	2026
1099	991	1354	2065
1146	1067	1411	2107
1182	1136	1463	2140
1203	1181	1493	2154
1173	1125	1454	2124
1136	1053	1406	2100
1099	978	1359	2078
1066	921	1327	2065
1070	917	1340	2124
1090	913	1358	2192
1145	941	1395	2256
1194	980	1421	2291
1207	1002	1421	2252
1207	1004	1406	2200
1163	967	1365	2137
1114	926	1328	2081
1084	893	1313	2069
1065	873	1314	2073
1082	888	1373	2119
1102	908	1437	2171
1133	944	1487	2210
1159	975	1517	2234
1148	968	1476	2189
1132	957	1423	2142
1102	925	1368	2097
1070	891	1321	2051
1061	884	1320	2058
1069	890	1332	2077
1118	969	1386	2128
1177	1060	1445	2174
1227	1142	1490	2196
1257	1197	1516	2204
1219	1137	1464	2155
1167	1068	1406	2106
1114	991	1362	2074
1076	927	1332	2053
1080	920	1364	2080
1084	921	1411	2125
1112	953	1472	2175
1150	992	1529	2218
1156	997	1513	2198
1154	990	1475	2166
1121	950	1412	2110
1079	905	1350	2056
1056	883	1334	2047
1039	868	1335	2046
1055	893	1403	2095
1079	928	1489	2151
1103	957	1550	2189
1119	979	1587	2217
1104	956	1529	2172
1080	925	1455	2120
1053	894	1392	2073
1038	869	1343	2037
1050	866	1346	2044
1069	873	1372	2070
1111	919	1461	2134
1162	974	1563	2214
1197	1011	1619	2253
1217	1040	1646	2272
1192	1014	1571	2212
1160	985	1487	2145
1122	946	1422	2104
1084	904	1367	2073
1078	901	1356	2072
1084	919	1356	2076
1120	983	1390	2093
1160	1056	1429	2123
1173	1088	1437	2124
1170	1096	1430	2109
1134	1035	1391	2085
1092	969	1349	2059
1072	929	1326	2069
1063	897	1314	2095
1079	909	1341	2151
1099	931	1367	2209
1115	953	1373	2198
1125	961	1372	2168
1105	939	1346	2115
1080	910	1313	2058
1067	884	1299	2037
1053	874	1300	2032
1060	885	1348	2073
1071	892	1403	2115
1081	904	1449	2147
1091	917	1482	2168
1083	901	1447	2133
1062	877	1392	2088
1042	861	1348	2066
1029	843	1314	2043
1030	837	1315	2066
1039	837	1324	2107
1065	857	1359	2176
1088	884	1394	2245
1106	914	1411	2252
1117	933	1416	2229
1109	932	1390	2179
1096	915	1359	2123
1092	895	1335	2086
1104	893	1325	2069
1192	941	1358	2099
1292	1007	1407	2131
1390	1087	1459	2163
1473	1152	1491	2189
1441	1139	1477	2168
1386	1115	1453	2140
1318	1065	1408	2107
1260	1014	1368	2076
1294	1014	1364	2068
1347	1029	1375	2071
1392	1060	1397	2083
1423	1084	1412	2095
1375	1055	1399	2082
1304	1016	1377	2063
1249	975	1350	2044
1223	948	1329	2026
1280	975	1332	2028
1346	1010	1345	2032
1407	1048	1368	2046
1450	1072	1379	2052
1397	1050	1369	2049
1322	1013	1344	2032
1245	973	1316	2016
1182	943	1303	2010
1159	946	1302	2009
1146	959	1310	2014
1171	1028	1353	2043
1208	1104	1398	2072
1229	1163	1428	2093
1236	1200	1446	2104
1206	1142	1413	2078
1172	1074	1379	2059
1150	1026	1354	2044
1141	994	1329	2032
1194	1003	1336	2046
1250	1015	1354	2054
1317	1051	1379	2076
1374	1082	1393	2093
1341	1061	1379	2070
1297	1028	1360	2049
1250	987	1327	2032
1210	956	1307	2019
1227	957	1310	2015
1263	973	1319	2018
1365	1031	1355	2049
1468	1092	1393	2085
1487	1113	1405	2100
1480	1109	1407	2111
1394	1051	1377	2096
1301	999	1342	2074
1260	969	1321	2055
1242	955	1311	2038
1327	1000	1336	2055
1433	1050	1370	2073
1516	1104	1409	2093
1567	1145	1435	2118
1489	1103	1407	2111
1391	1041	1369	2095
1290	972	1332	2069
1203	918	1300	2052
1167	892	1292	2075
1135	872	1288	2099
1125	869	1297	2132
1121	867	1306	2169
1113	871	1311	2165
1114	874	1313	2146
1107	867	1298	2112
1090	857	1282	2081
1073	843	1270	2057
1061	833	1257	2038
1090	845	1261	2030
1136	869	1268	2023
1234	924	1293	2032
1341	983	1330	2055
1384	1016	1347	2064
1394	1027	1347	2057
1326	994	1329	2043
1247	958	1307	2020
1197	937	1291	2014
1173	925	1282	2004
1220	944	1290	1998
1283	977	1307	2006
1365	1016	1332	2022
1422	1049	1345	2028
1379	1023	1327	2013
1316	986	1316	2005
1243	950	1297	1997
1188	920	1280	1991
1206	937	1291	1995
1246	967	1310	2005
1349	1022	1343	2023
1454	1082	1378	2051
1478	1098	1390	2065
1468	1095	1390	2060
1377	1045	1364	2054
1280	986	1331	2037
1215	954	1311	2032
1163	930	1306	2050
1148	922	1315	2085
1136	913	1311	2119
1127	909	1313	2148
1125	904	1321	2171
1115	891	1307	2138
1098	883	1295	2098
1081	870	1287	2070
1066	864	1283	2053
1062	875	1282	2056
1059	879	1284	2060
1064	878	1292	2092
1069	874	1296	2130
1069	869	1309	2160
1074	865	1305	2171
1075	866	1294	2139
1072	869	1298	2110
1064	872	1295	2084
1054	869	1285	2057
1057	873	1284	2033
1068	883	1288	2026
1116	904	1292	2028
1176	938	1305	2030
1267	988	1334	2045
1363	1033	1360	2054
1375	1037	1359	2053
1360	1025	1356	2055
1283	975	1333	2049
1201	927	1305	2041
1175	910	1293	2030
1167	903	1287	2021
1228	938	1304	2029
1310	991	1332	2046
1367	1028	1356	2059
1411	1050	1367	2067
1368	1027	1352	2056
1303	994	1334	2036
1266	968	1319	2018
1243	951	1307	2014
1286	974	1313	2026
1343	1006	1332	2039
1421	1056	1362	2058
1492	1101	1387	2073
1473	1093	1388	2065
1425	1074	1370	2052
1338	1028	1343	2038
1251	980	1328	2023
1204	965	1322	2015
1176	968	1317	2012
1177	1013	1338	2030
1188	1075	1376	2055
1219	1145	1417	2078
1240	1202	1444	2090
1223	1177	1426	2089
1191	1120	1396	2075
1148	1042	1354	2057
1102	967	1315	2040
1079	934	1303	2051
1070	904	1292	2076
1071	895	1301	2128
1067	890	1314	2174
1074	891	1318	2179
1084	892	1317	2160
1070	878	1300	2107
1059	868	1287	2073
1052	868	1275	2048
1045	868	1266	2031
1063	876	1270	2033
1087	888	1277	2019
1164	929	1307	2030
1253	983	1336	2050
1331	1032	1360	2069
1391	1065	1380	2082
1349	1041	1365	2073
1287	1004	1342	2058
1210	954	1317	2048
1143	908	1296	2038
1122	913	1301	2032
1113	939	1313	2039
1147	1021	1357	2068
1192	1111	1415	2105
1210	1164	1442	2120
1217	1186	1451	2119
1182	1122	1418	2097
1137	1041	1376	2071
1104	978	1351	2068
1072	922	1325	2067
1064	895	1326	2102
1061	883	1328	2142
1063	882	1323	2164
1068	884	1331	2181
1069	885	1323	2153
1060	880	1310	2116
1047	860	1289	2074
1034	843	1266	2028
1022	844	1270	2021
1015	845	1282	2029
1029	861	1329	2058
1042	882	1385	2092
1056	905	1440	2132
1073	920	1480	2161
1073	910	1461	2149
1064	896	1431	2114
1049	876	1384	2076
1036	860	1342	2055
1025	850	1331	2042
1020	843	1335	2048
1038	860	1385	2086
1055	882	1445	2121
1078	915	1513	2168
1101	941	1569	2204
1097	937	1545	2189
1090	927	1497	2157
1071	897	1428	2114
1048	866	1366	2075
1029	845	1330	2046
1020	830	1303	2033
1036	834	1301	2034
1066	849	1300	2041
1143	898	1322	2055
1217	947	1347	2066
1260	970	1352	2062
1284	976	1346	2050
1241	949	1330	2043
1185	925	1316	2030
1158	921	1315	2029
1148	924	1322	2037
1200	962	1349	2056
1258	1006	1373	2079
1327	1045	1390	2089
1379	1070	1396	2090
1349	1045	1376	2075
1298	1014	1355	2064
1226	960	1323	2061
1163	912	1302	2065
1133	898	1307	2112
1117	888	1312	2161
1114	887	1323	2194
1114	890	1331	2218
1107	881	1319	2186
1095	873	1304	2144
1077	865	1285	2096
1060	852	1269	2058
1044	839	1268	2049
1036	836	1278	2050
1044	850	1323	2078
1051	860	1374	2112
1062	873	1409	2135
1067	889	1430	2146
1056	884	1398	2117
1045	873	1362	2085
1028	851	1327	2051
1019	832	1298	2026
1015	823	1286	2012
1008	820	1283	2009
1010	828	1289	2007
1014	844	1294	2013
1034	891	1318	2027
1061	947	1350	2043
1091	1002	1375	2054
1116	1048	1393	2064
1105	1028	1374	2056
1093	991	1341	2026
1076	946	1308	2001
1060	910	1288	2001
1076	915	1302	2018
1102	938	1326	2037
1150	1021	1383	2084
1206	1115	1451	2135
1250	1189	1496	2157
1282	1241	1522	2170
1268	1196	1483	2144
1235	1125	1432	2108
1190	1052	1387	2088
1154	988	1349	2061
1160	969	1334	2042
1172	962	1325	2041
1231	982	1334	2040
1297	1009	1340	2034
1313	1012	1334	2023
1316	1006	1329	2016
1266	975	1307	2007
1209	945	1290	1999
1187	943	1297	2004
1177	944	1296	2005
1236	981	1323	2025
1310	1030	1357	2055
1384	1078	1385	2075
1448	1120	1411	2091
1410	1096	1390	2072
1343	1051	1355	2046
1263	1003	1329	2036
1194	958	1307	2016
1178	984	1325	2026
1175	1034	1352	2048
1211	1130	1407	2083
1249	1222	1463	2115
1257	1247	1477	2118
1250	1235	1469	2109
1205	1152	1420	2080
1151	1063	1365	2051
1113	998	1346	2051
1088	957	1345	2056
1086	950	1375	2088
1093	946	1414	2127
1105	958	1458	2162
1110	967	1483	2173
1110	958	1452	2147
1101	939	1412	2114
1079	910	1358	2076
1063	882	1318	2052
1048	862	1305	2060
1032	846	1296	2080
1036	842	1305	2124
1042	842	1314	2162
1051	853	1323	2187
1063	861	1326	2207
1062	857	1315	2181
1051	849	1298	2135
1041	836	1277	2080
1029	826	1263	2046
1019	822	1261	2049
1019	829	1269	2065
1033	855	1288	2113
1051	874	1314	2163
1071	893	1342	2210
1087	914	1363	2247
1096	919	1351	2211
1099	915	1339	2171
1081	890	1316	2125
1066	870	1290	2089
1054	853	1277	2092
1039	835	1271	2104
1042	830	1287	2161
1046	834	1303	2211
1055	848	1314	2231
1067	856	1321	2237
1066	857	1306	2189
1060	856	1290	2137
1046	839	1273	2101
1031	825	1254	2071
1023	817	1261	2072
1015	810	1269	2091
1027	822	1296	2152
1043	835	1329	2207
1060	854	1347	2225
1077	877	1361	2239
1083	884	1346	2203
1087	884	1331	2162
1069	862	1307	2119
1055	839	1280	2086
1039	827	1273	2089
1022	817	1268	2098
1029	825	1286	2153
1036	835	1308	2201
1058	858	1324	2222
1084	877	1338	2235
1089	885	1334	2195
1089	889	1321	2146
1072	875	1304	2098
1058	857	1287	2066
1055	852	1288	2063
1057	860	1304	2074
1121	916	1356	2111
1211	993	1413	2147
1340	1092	1464	2175
1471	1189	1514	2204
1501	1195	1501	2185
1479	1174	1467	2147
1377	1100	1415	2106
1279	1020	1366	2069
1224	1003	1355	2063
1186	1014	1367	2074
1218	1109	1426	2112
1263	1222	1490	2153
1293	1289	1531	2177
1310	1326	1553	2187
1284	1265	1513	2159
1243	1186	1465	2130
1195	1105	1423	2108
1155	1029	1387	2078
1144	1006	1403	2089
1145	999	1432	2115
1168	1015	1483	2154
1190	1034	1540	2204
1201	1042	1549	2206
1204	1039	1537	2188
1189	1018	1488	2155
1169	988	1440	2120
1139	953	1410	2100
1120	932	1396	2096
1124	939	1434	2137
1125	949	1477	2179
1138	969	1558	2234
1154	989	1646	2290
1157	990	1667	2299
1152	984	1657	2291
1118	947	1572	2224
1078	900	1479	2155
1059	867	1416	2114
1045	849	1363	2079
1044	849	1355	2093
1046	847	1359	2119
1061	861	1381	2167
1079	880	1410	2215
1096	903	1415	2233
1115	920	1417	2232
1118	924	1400	2187
1116	924	1375	2140
1105	908	1355	2114
1086	884	1325	2085
1068	868	1311	2089
1050	856	1307	2107
1058	866	1324	2152
1075	876	1339	2194
1081	884	1349	2206
1082	898	1352	2200
1080	897	1333	2157
1074	886	1316	2113
1061	867	1299	2085
1044	849	1277	2052
1047	848	1279	2047
1070	855	1291	2049
1134	900	1325	2067
1211	951	1360	2094
1310	1013	1392	2112
1386	1063	1412	2116
1378	1057	1396	2099
1348	1036	1377	2084
1267	985	1348	2059
1192	942	1318	2034
1162	958	1321	2034
1151	992	1339	2041
1184	1077	1377	2069
1216	1160	1415	2091
1230	1171	1424	2088
1243	1166	1422	2092
1204	1091	1376	2062
1156	1019	1330	2033
1125	968	1302	2022
1102	917	1279	2006
1131	919	1289	2020
1166	937	1303	2040
1227	972	1327	2056
1291	1006	1348	2072
1301	1010	1345	2063
1289	994	1341	2046
1236	955	1319	2036
1179	920	1293	2033
1138	889	1294	2062
1107	867	1295	2099
1104	872	1306	2156
1105	881	1327	2205
1128	900	1341	2205
1152	922	1349	2192
1162	925	1328	2137
1169	927	1311	2094
1148	912	1296	2064
1126	885	1275	2030
1107	877	1267	2018
1096	894	1283	2036
1122	969	1332	2069
1154	1058	1380	2106
1195	1150	1429	2141
1235	1229	1474	2166
1223	1203	1457	2146
1203	1150	1424	2119
1159	1063	1373	2085
1109	980	1329	2054
1083	932	1306	2054
1061	893	1293	2065
1060	882	1301	2112
1068	880	1309	2158
1087	890	1324	2184
1104	901	1338	2194
1117	910	1334	2162
1127	911	1321	2125
1113	893	1308	2090
1087	873	1296	2058
1066	860	1294	2045
1053	850	1302	2049
1059	856	1342	2089
1068	872	1392	2134
1074	889	1444	2167
1085	902	1482	2191
1084	902	1460	2174
1080	900	1431	2141
1073	883	1391	2101
1057	867	1351	2071
1045	857	1333	2058
1039	851	1323	2053
1046	855	1354	2073
1055	868	1397	2094
1081	897	1452	2136
1113	919	1503	2171
1131	930	1514	2174
1139	934	1493	2160
1125	913	1439	2126
1104	890	1388	2085
1078	871	1345	2050
1058	850	1307	2027
1050	849	1302	2022
1050	861	1306	2023
1085	916	1336	2048
1128	983	1376	2076
1178	1057	1419	2105
1218	1116	1453	2129
1213	1103	1442	2115
1198	1074	1414	2091
1155	1014	1367	2059
1114	953	1325	2033
1090	920	1323	2029
1080	897	1336	2038
1104	912	1384	2075
1129	932	1437	2119
1148	949	1468	2147
1151	955	1476	2151
1131	934	1433	2117
1109	907	1381	2077
1085	879	1343	2056
1063	853	1309	2041
1049	846	1300	2059
1041	841	1309	2085
1046	839	1325	2129
1051	840	1341	2175
1057	848	1346	2192
1064	855	1345	2195
1063	852	1330	2153
1059	846	1311	2107
1054	839	1291	2075
1049	830	1279	2052
1046	826	1283	2075
1046	826	1291	2105
1066	843	1324	2166
1083	865	1361	2234
1112	900	1391	2264
1143	936	1409	2272
1157	947	1398	2225
1167	949	1386	2176
1147	931	1365	2142
1124	908	1345	2121
1109	887	1339	2140
1092	876	1342	2159
1102	886	1364	2204
1122	898	1377	2255
1147	921	1389	2257
1170	943	1397	2237
1178	943	1377	2192
1174	938	1365	2145
1149	917	1345	2106
1129	893	1324	2081
1119	881	1320	2080
1121	879	1324	2086
1174	915	1348	2108
1243	964	1382	2135
1348	1037	1425	2160
1444	1101	1450	2170
1453	1101	1440	2150
1439	1090	1426	2133
1355	1035	1391	2102
1267	977	1359	2071
1230	955	1345	2064
1212	944	1343	2064
1275	984	1373	2084
1360	1035	1413	2110
1444	1088	1437	2115
1503	1128	1456	2114
1468	1102	1437	2098
1412	1061	1410	2088
1326	1007	1388	2074
1252	965	1382	2068
1218	952	1425	2100
1193	952	1485	2150
1192	975	1557	2215
1193	991	1611	2264
1187	985	1590	2246
1174	976	1557	2220
1147	942	1490	2164
1124	910	1426	2107
1099	886	1392	2083
1070	862	1367	2063
1063	867	1392	2078
1065	873	1429	2105
1082	898	1502	2157
1097	922	1563	2203
1116	939	1573	2220
1131	944	1566	2213
1132	928	1509	2167
1130	914	1449	2124
1112	893	1402	2087
1094	876	1360	2060
1077	866	1360	2066
1062	854	1373	2072
1071	872	1443	2132
1088	898	1529	2205
1113	931	1603	2265
1129	959	1660	2308
1133	961	1636	2284
1131	952	1585	2247
1110	928	1508	2183
1089	899	1434	2117
1065	871	1385	2081
1049	846	1345	2044
1042	831	1323	2030
1040	828	1305	2024
1079	854	1318	2028
1133	885	1333	2033
1219	932	1346	2041
1299	980	1360	2050
1320	988	1358	2052
1312	977	1353	2049
1250	938	1329	2051
1185	902	1309	2055
1145	883	1312	2095
1116	871	1319	2143
1111	876	1340	2190
1114	889	1358	2233
1119	905	1360	2208
1119	915	1360	2174
1110	906	1345	2126
1106	896	1322	2084
1087	879	1298	2055
1068	870	1290	2031
1070	899	1303	2032
1081	946	1331	2051
1120	1030	1377	2071
1159	1116	1424	2096
1185	1157	1448	2101
1208	1181	1460	2096
1196	1135	1429	2078
1175	1073	1391	2056
1141	1019	1357	2038
1104	965	1326	2021
1085	953	1326	2017
1079	960	1340	2020
1099	1009	1375	2051
1125	1068	1408	2091
1147	1104	1431	2113
1155	1120	1448	2115
1138	1083	1423	2097
1115	1037	1396	2078
1082	981	1369	2050
1062	937	1351	2045
1051	923	1362	2058
1038	908	1380	2069
1050	918	1426	2103
1058	935	1473	2142
1074	949	1492	2161
1093	958	1493	2161
1108	960	1461	2132
1120	954	1424	2093
1113	937	1391	2067
1103	913	1356	2042
1084	899	1338	2029
1067	896	1327	2024
1075	931	1351	2037
1089	983	1377	2046
1129	1059	1416	2076
1172	1130	1455	2109
1191	1140	1454	2103
1198	1125	1444	2090
1171	1068	1407	2067
1139	1005	1369	2039
1112	959	1355	2035
1089	927	1356	2047
1088	931	1403	2092
1089	942	1454	2141
1103	953	1494	2176
1121	965	1524	2205
1124	971	1493	2182
1127	966	1449	2140
1113	936	1405	2096
1097	906	1362	2061
1078	884	1352	2046
1057	865	1351	2041
1056	872	1393	2074
1067	882	1452	2119
1081	904	1505	2169
1095	926	1542	2198
1106	926	1521	2181
1112	918	1483	2147
1107	899	1426	2104
1097	880	1372	2062
1079	867	1342	2037
1058	854	1318	2020
1054	870	1318	2029
1059	894	1324	2045
1087	951	1360	2076
1122	1015	1407	2109
1148	1052	1434	2122
1165	1077	1443	2121
1152	1046	1409	2091
1132	1004	1368	2061
1105	951	1337	2036
1079	908	1318	2030
1066	896	1339	2047
1065	891	1376	2068
1077	905	1427	2104
1084	919	1462	2123
1095	927	1462	2121
1111	933	1456	2121
1118	920	1412	2086
1120	908	1369	2051
1104	893	1341	2026
1087	876	1316	2006
1078	880	1311	2009
1071	901	1314	2014
1095	960	1346	2035
1120	1019	1382	2064
1142	1066	1407	2090
1163	1097	1428	2102
1146	1062	1412	2078
1123	1017	1382	2054
1097	964	1355	2038
1067	918	1335	2023
1053	905	1349	2042
1043	895	1374	2059
1055	912	1428	2099
1073	933	1479	2145
1086	952	1499	2164
1100	968	1506	2172
1109	962	1479	2140
1118	952	1446	2106
1118	934	1416	2079
1111	912	1390	2058
1101	902	1397	2072
1086	898	1421	2095
1087	913	1486	2149
1092	928	1555	2203
1099	939	1596	2242
1104	943	1613	2266
1088	919	1555	2229
1066	895	1495	2185
1042	870	1442	2138
1023	844	1386	2095
1015	837	1359	2091
1008	830	1350	2096
1019	831	1355	2134
1033	843	1362	2173
1051	859	1379	2206
1072	873	1392	2227
1081	885	1387	2196
1084	893	1372	2165
1081	882	1349	2130
1071	867	1328	2092
1058	853	1312	2064
1046	842	1295	2039
1061	846	1291	2033
1091	861	1302	2043
1164	915	1330	2053
1246	967	1347	2056
1315	1000	1357	2055
1364	1030	1365	2052
1337	1011	1348	2038
1298	986	1330	2024
1251	956	1314	2015
1213	928	1299	2003
1223	935	1308	2013
1247	950	1323	2032
1297	984	1336	2040
1348	1018	1350	2044
1356	1033	1352	2041
1350	1039	1348	2030
1298	1013	1334	2013
1242	990	1324	2008
1201	994	1327	2007
1175	1010	1332	2008
1194	1081	1368	2040
1213	1156	1411	2069
1226	1190	1436	2080
1228	1198	1449	2085
1195	1137	1413	2072
1161	1066	1372	2061
1124	999	1334	2046
1094	941	1300	2024
1083	914	1288	2007
1076	899	1279	2002
1116	914	1288	2013
1164	938	1303	2018
1222	970	1325	2026
1282	999	1341	2040
1292	997	1332	2030
1282	985	1325	2025
1232	950	1309	2026
1182	919	1296	2037
1163	902	1298	2069
1153	895	1305	2114
1157	905	1319	2167
1152	908	1331	2202
1141	901	1324	2188
1137	895	1312	2156
1124	886	1297	2112
1113	878	1285	2084
1103	867	1278	2066
1085	848	1261	2037
1073	840	1246	2019
1069	838	1245	2015
1094	850	1256	2012
1136	875	1267	2015
1226	928	1291	2030
1324	994	1327	2048
1381	1026	1340	2048
1420	1041	1343	2054
1369	1010	1325	2049
1295	964	1300	2033
1226	935	1290	2027
1165	919	1290	2026
1160	957	1312	2033
1171	1016	1341	2039
1193	1093	1381	2059
1212	1161	1416	2082
1209	1151	1408	2075
1193	1118	1389	2062
1156	1054	1356	2043
1129	993	1321	2021
1122	957	1317	2026
1112	926	1313	2019
1119	932	1344	2044
1133	943	1388	2077
1144	960	1424	2098
1154	969	1454	2118
1147	960	1441	2104
1131	952	1411	2083
1119	934	1377	2058
1106	916	1341	2034
1096	902	1314	2020
1089	884	1294	2003
1094	891	1293	2002
1103	904	1294	2007
1121	951	1320	2027
1141	1006	1359	2041
1166	1067	1398	2067
1182	1119	1423	2092
1171	1106	1411	2090
1159	1078	1391	2085
1127	1016	1358	2072
1093	962	1325	2056
1074	923	1307	2061
1062	889	1293	2075
1059	879	1301	2114
1060	870	1315	2152
1066	873	1328	2184
1067	877	1337	2199
1073	877	1332	2168
1073	877	1316	2140
1071	867	1295	2097
1070	858	1281	2060
1071	856	1283	2053
1075	854	1289	2045
1089	867	1322	2059
1103	888	1377	2096
1111	908	1435	2141
1119	921	1475	2166
1109	913	1468	2160
1095	901	1447	2143
1076	881	1398	2110
1059	862	1349	2086
1050	847	1325	2074
1037	833	1311	2060
1034	836	1326	2064
1036	841	1358	2084
1046	866	1423	2137
1062	888	1491	2179
1078	897	1528	2201
1085	901	1541	2211
1066	884	1492	2173
1045	866	1434	2133
1031	845	1384	2100
1021	827	1345	2076
1011	816	1320	2075
1005	806	1301	2078
1007	808	1303	2107
1013	811	1308	2143
1023	818	1319	2173
1033	829	1328	2195
1036	836	1321	2177
1032	836	1309	2143
1033	830	1298	2108
1030	826	1282	2078
1034	825	1267	2062
1042	824	1264	2059
1057	830	1279	2091
1077	839	1290	2132
1086	847	1303	2179
1095	855	1319	2210
1097	865	1323	2198
1096	871	1323	2173
1097	866	1310	2138
1092	858	1293	2113
1077	851	1286	2095
1062	844	1287	2075
1057	842	1307	2082
1053	849	1333	2102
1061	864	1388	2135
1071	877	1438	2169
1073	881	1448	2174
1070	882	1449	2168
1060	871	1418	2137
1054	861	1384	2104
1043	849	1359	2082
1034	838	1342	2059
1039	841	1352	2065
1037	844	1369	2086
1044	855	1404	2110
1059	875	1456	2144
1064	894	1510	2176
1077	910	1550	2200
1073	900	1518	2177
1060	886	1476	2149
1047	863	1420	2110
1031	839	1369	2073
1022	834	1351	2064
1017	825	1332	2059
1025	834	1363	2088
1038	858	1418	2134
1074	903	1521	2209
1115	954	1624	2292
1152	1003	1691	2342
1184	1046	1740	2376
1196	1051	1690	2336
1204	1046	1631	2286
1196	1018	1557	2225
1186	990	1490	2171
1170	971	1468	2158
1164	954	1457	2153
1174	965	1508	2188
1184	982	1576	2238
1193	994	1640	2280
1191	1004	1695	2308
1174	994	1674	2295
1156	975	1623	2263
1131	943	1549	2207
1104	908	1473	2144
1092	892	1430	2110
1086	883	1396	2082
1097	890	1410	2098
1111	900	1438	2128
1119	915	1500	2167
1130	933	1564	2207
1130	941	1584	2229
1121	939	1588	2235
1101	923	1540	2203
1081	900	1475	2163
1064	873	1421	2123
1047	853	1374	2088
1037	846	1345	2073
1029	846	1329	2062
1039	873	1335	2064
1058	914	1346	2065
1090	975	1370	2076
1114	1033	1397	2092
1119	1051	1403	2093
1129	1054	1402	2092
1123	1016	1376	2076
1110	975	1351	2058
1106	945	1334	2054
1108	921	1310	2039
1118	923	1307	2039
1133	925	1316	2051
1171	938	1328	2054
1220	963	1340	2055
1271	985	1343	2045
1316	1006	1345	2049
1309	998	1336	2048
1283	980	1325	2046
1247	953	1316	2074
1219	930	1312	2104
1196	922	1318	2147
1172	911	1322	2189
1162	907	1337	2217
1144	903	1339	2216
1128	892	1321	2178
1118	883	1308	2146
1107	873	1298	2122
1093	862	1291	2108
1081	855	1281	2114
1074	848	1281	2123
1073	852	1295	2173
1076	851	1308	2227
1080	851	1326	2253
1079	856	1326	2252
1075	858	1310	2200
1074	858	1297	2155
1065	849	1281	2112
1055	840	1269	2073
1057	839	1277	2071
1062	836	1286	2066
1079	853	1333	2095
1101	876	1385	2128
1112	895	1422	2142
1113	911	1448	2156
1106	903	1426	2141
1092	890	1399	2116
1074	875	1355	2081
1060	860	1323	2058
1051	844	1300	2048
1040	832	1281	2042
1028	834	1277	2037
1027	846	1274	2032
1048	892	1298	2040
1067	940	1329	2049
1090	997	1354	2061
1116	1054	1378	2072
1118	1055	1376	2064
1110	1040	1368	2060
1088	994	1347	2047
1062	938	1324	2031
1048	910	1322	2031
1035	886	1330	2037
1039	879	1360	2061
1044	884	1396	2090
1049	896	1437	2121
1061	913	1468	2142
1071	920	1456	2130
1071	917	1439	2126
1061	901	1398	2097
1051	883	1348	2053
1040	864	1316	2026
1034	853	1290	2006
1035	857	1283	2002
1041	871	1285	2003
1072	919	1313	2011
1108	982	1348	2037
1142	1041	1373	2055
1163	1087	1389	2062
1152	1082	1381	2058
1139	1059	1368	2055
1111	1008	1345	2042
1085	959	1321	2028
1088	947	1322	2037
1102	948	1340	2057
1142	1011	1390	2102
1191	1093	1450	2153
1245	1172	1504	2197
1286	1240	1548	2230
1295	1247	1538	2225
1293	1237	1521	2212
1267	1175	1481	2174
1241	1108	1436	2139
1220	1061	1406	2143
1208	1025	1388	2152
1209	1012	1393	2194
1209	993	1393	2240
1200	981	1391	2261
1193	973	1387	2273
1172	956	1368	2236
1146	936	1346	2182
1127	920	1329	2138
1105	903	1308	2099
1098	903	1307	2106
1094	908	1310	2126
1096	911	1325	2165
1105	917	1351	2219
1111	921	1368	2259
1115	932	1379	2289
1121	940	1378	2267
1133	944	1374	2232
1132	937	1352	2182
1124	926	1325	2131
1114	903	1309	2109
1105	879	1299	2101
1103	877	1304	2137
1100	879	1317	2174
1114	887	1337	2217
1122	894	1350	2252
1118	896	1350	2238
1115	897	1347	2212
1107	893	1329	2169
1100	881	1307	2125
1088	870	1297	2117
1075	861	1289	2112
1071	853	1293	2138
1069	849	1304	2176
1078	861	1325	2227
1088	878	1348	2271
1104	904	1372	2280
1114	921	1385	2274
1121	933	1376	2234
1127	937	1364	2183
1125	927	1352	2155
1116	917	1329	2132
1106	911	1319	2125
1101	909	1325	2123
1117	964	1355	2137
1143	1037	1399	2161
1185	1128	1451	2186
1227	1217	1500	2210
1243	1241	1508	2204
1249	1231	1492	2183
1219	1159	1443	2144
1186	1087	1392	2114
1150	1020	1355	2106
1116	963	1334	2109
1102	935	1327	2152
1094	914	1326	2203
1088	916	1343	2244
1090	916	1358	2286
1094	909	1349	2258
1089	908	1339	2218
1078	902	1321	2172
1068	885	1299	2118
1062	867	1285	2097
1050	852	1271	2088
1042	846	1276	2113
1038	837	1288	2141
1044	840	1306	2189
1059	854	1332	2250
1074	869	1342	2269
1085	883	1357	2271
1092	892	1352	2229
1101	901	1333	2188
1098	894	1314	2146
1089	879	1295	2108
1078	865	1287	2112
1068	847	1280	2120
1066	846	1288	2167
1068	847	1304	2213
1079	855	1322	2252
1085	866	1331	2282
1094	874	1330	2251
1097	879	1320	2203
1088	876	1301	2158
1080	865	1285	2117
1067	846	1277	2095
1055	831	1268	2078
1051	830	1278	2109
1054	835	1301	2149
1068	851	1328	2203
1080	861	1349	2251
1087	876	1353	2246
1095	891	1352	2236
1097	881	1330	2185
1093	871	1310	2138
1081	862	1299	2110
1069	852	1277	2076
1059	841	1270	2083
1049	830	1268	2100
1046	834	1285	2147
1049	840	1308	2202
1061	855	1327	2233
1067	868	1335	2245
1073	875	1330	2219
1076	882	1322	2179
1074	873	1304	2132
1071	861	1292	2089
1057	845	1284	2073
1045	830	1279	2060
1042	833	1304	2082
1038	842	1341	2112
1050	866	1412	2159
1072	897	1479	2215
1094	922	1511	2244
1106	934	1522	2242
1104	929	1487	2199
1103	918	1443	2156
1089	896	1392	2118
1073	874	1347	2079
1064	859	1335	2073
1053	844	1335	2080
1060	853	1384	2118
1071	875	1444	2166
1086	901	1515	2220
1102	923	1577	2265
1100	926	1579	2260
1098	921	1558	2245
1084	903	1494	2197
1065	879	1436	2148
1050	861	1394	2119
1034	844	1358	2094
1032	835	1348	2116
1030	833	1346	2147
1043	843	1369	2197
1063	863	1392	2252
1078	888	1412	2285
1093	908	1432	2302
1108	922	1425	2280
1113	918	1402	2226
1104	908	1374	2170
1100	898	1347	2136
1085	874	1328	2118
1073	856	1318	2119
1066	850	1323	2151
1058	847	1332	2192
1054	843	1346	2228
1053	840	1352	2245
1052	839	1337	2219
1049	840	1325	2186
1042	834	1303	2137
1034	826	1287	2089
1023	818	1277	2071
1016	815	1269	2068
1021	818	1280	2098
1025	822	1299	2134
1028	828	1321	2168
1039	839	1343	2209
1047	849	1343	2208
1046	854	1336	2190
1044	851	1313	2145
1037	844	1296	2097
1029	839	1286	2070
1027	833	1272	2046
1026	841	1269	2036
1033	864	1276	2030
1063	935	1314	2044
1100	1018	1359	2074
1144	1101	1404	2111
1182	1166	1439	2127
1190	1158	1425	2099
1193	1137	1413	2091
1168	1074	1374	2070
1139	1010	1331	2045
1108	961	1312	2055
1085	923	1301	2081
1081	913	1314	2133
1077	904	1332	2189
1086	909	1342	2221
1091	921	1354	2242
1091	923	1351	2211
1094	920	1340	2173
1092	913	1316	2134
1084	894	1289	2086
1068	875	1277	2057
1059	868	1263	2032
1060	886	1271	2033
1072	917	1289	2038
1117	998	1338	2065
1169	1090	1394	2101
1219	1164	1432	2128
1258	1221	1463	2147
1262	1201	1452	2133
1254	1160	1426	2113
1219	1099	1386	2094
1182	1034	1347	2077
1154	982	1331	2097
1129	939	1320	2116
1123	925	1326	2168
1116	914	1335	2219
1113	909	1338	2236
1107	900	1333	2232
1092	890	1321	2194
1081	882	1303	2148
1070	868	1286	2107
1056	853	1270	2074
1047	849	1269	2057
1045	844	1273	2045
1043	851	1301	2073
1043	862	1343	2103
1058	877	1402	2148
1070	895	1449	2185
1074	905	1462	2185
1077	908	1462	2180
1071	896	1428	2144
1060	879	1380	2091
1050	861	1342	2058
1043	846	1319	2051
1033	840	1320	2052
1028	840	1328	2054
1040	862	1383	2086
1052	888	1446	2126
1071	920	1511	2171
1091	950	1559	2211
1083	943	1545	2204
1072	929	1515	2177
1057	904	1451	2130
1040	877	1393	2090
1028	851	1352	2068
1019	831	1322	2052
1024	829	1315	2064
1027	829	1317	2089
1035	835	1338	2133
1047	846	1357	2180
1054	858	1368	2199
1060	866	1368	2202
1060	868	1350	2170
1062	869	1340	2143
1058	857	1314	2104
1050	845	1298	2078
1044	832	1289	2076
1034	824	1281	2084
1031	824	1300	2121
1034	828	1321	2162
1040	838	1337	2196
1046	849	1353	2226
1047	853	1346	2208
1046	855	1329	2168
1039	852	1307	2125
1032	845	1290	2088
1029	835	1277	2065
1031	831	1266	2050
1038	868	1281	2050
1055	920	1312	2062
1099	1010	1360	2090
1144	1107	1407	2119
1171	1166	1436	2138
1190	1204	1457	2142
1179	1168	1435	2122
1157	1114	1406	2101
1125	1042	1362	2075
1091	971	1319	2060
1070	930	1307	2081
1060	898	1298	2104
1061	896	1306	2150
1060	897	1326	2206
1069	901	1334	2218
1076	907	1331	2206
1073	909	1323	2174
1065	901	1309	2127
1057	883	1296	2093
1048	863	1284	2065
1039	851	1280	2069
1029	848	1275	2080
1027	850	1285	2113
1035	855	1307	2167
1060	884	1332	2211
1083	918	1362	2244
1097	947	1370	2230
1115	969	1367	2197
1125	966	1352	2157
1126	949	1331	2121
1118	925	1315	2100
1108	902	1299	2087
1097	885	1289	2103
1084	872	1295	2124
1081	871	1315	2172
1083	872	1320	2214
1094	882	1324	2220
1114	897	1334	2212
1131	908	1326	2180
1136	909	1310	2136
1132	900	1297	2093
1128	889	1282	2061
1111	868	1272	2046
1096	856	1268	2042
1096	859	1273	2057
1104	859	1277	2068
1147	891	1300	2085
1204	936	1323	2099
1291	985	1339	2092
1375	1032	1355	2091
1410	1051	1358	2082
1426	1055	1352	2074
1374	1020	1334	2077
1305	979	1316	2076
1240	939	1313	2109
1185	907	1314	2154
1171	906	1324	2198
1162	911	1333	2225
1163	919	1336	2208
1173	925	1339	2187
1181	925	1324	2145
1179	921	1308	2100
1165	907	1292	2072
1148	888	1276	2049
1125	875	1282	2045
1110	869	1302	2044
1107	886	1350	2075
1113	914	1405	2119
1125	943	1453	2154
1127	963	1487	2174
1121	963	1470	2158
1117	952	1441	2132
1104	926	1390	2097
1089	901	1343	2064
1071	881	1315	2036
1050	861	1285	2012
1046	862	1288	2009
1046	873	1290	2010
1060	922	1306	2027
1083	982	1341	2042
1111	1046	1378	2059
1126	1092	1396	2072
1122	1087	1393	2073
1118	1067	1383	2068
1095	1011	1349	2045
1069	962	1324	2023
1051	925	1311	2008
1041	898	1304	2006
1042	899	1335	2039
1051	914	1375	2080
1075	946	1431	2125
1093	971	1478	2161
1099	980	1482	2163
1101	985	1476	2154
1098	969	1436	2120
1092	943	1387	2083
1079	916	1349	2058
1064	894	1319	2035
1052	876	1307	2044
1039	861	1301	2069
1031	851	1311	2107
1032	844	1324	2144
1031	841	1327	2165
1024	834	1321	2174
1017	827	1312	2150
1012	820	1296	2113
1005	812	1282	2075
999	811	1275	2045
996	806	1276	2033
993	801	1285	2032
1000	815	1332	2057
1015	834	1395	2101
1037	864	1464	2154
1052	891	1528	2196
1058	898	1533	2195
1065	900	1523	2186
1059	886	1479	2143
1054	871	1427	2102
1043	847	1377	2069
1028	828	1334	2036
1013	817	1310	2016
1006	805	1292	2004
1015	807	1283	2003
1025	811	1276	1995
1077	839	1289	2006
1140	872	1303	2015
1219	914	1320	2016
1292	957	1338	2023
1307	963	1341	2030
1309	962	1341	2038
1262	935	1334	2043
1218	910	1331	2068
1181	908	1335	2119
1144	901	1339	2159
1141	914	1357	2193
1137	931	1382	2217
1136	941	1382	2197
1135	946	1366	2172
1127	931	1342	2127
1123	918	1327	2085
1114	898	1321	2062
1100	880	1325	2056
1089	879	1360	2079
1086	878	1401	2104
1083	892	1456	2141
1080	905	1508	2174
1077	899	1513	2174
1070	892	1494	2163
1054	868	1439	2123
1037	843	1390	2078
1021	827	1352	2044
1013	815	1316	2023
1011	814	1313	2023
1010	814	1317	2026
1020	838	1354	2050
1034	863	1399	2081
1049	885	1451	2118
1067	906	1503	2155
1070	910	1503	2161
1060	907	1483	2146
1047	890	1436	2108
1033	870	1389	2072
1020	851	1355	2047
1006	835	1319	2025
1001	830	1325	2034
1010	833	1353	2055
1031	857	1421	2112
1047	882	1494	2178
1071	914	1565	2233
1092	940	1622	2279
1094	940	1607	2265
1095	938	1582	2239
1087	919	1519	2184
1073	893	1448	2123
1062	872	1395	2080
1050	853	1348	2046
1037	839	1322	2032
1033	830	1302	2019
1042	833	1303	2016
1061	843	1302	2023
1124	885	1321	2039
1192	926	1341	2045
1268	962	1350	2046
1329	995	1357	2043
1327	996	1354	2045
1309	985	1346	2052
1260	952	1331	2078
1211	919	1321	2104
1174	903	1331	2155
1147	900	1340	2207
1137	907	1346	2225
1131	908	1353	2233
1127	906	1346	2201
1120	903	1331	2157
1107	893	1312	2112
1093	882	1298	2075
1084	877	1289	2053
1076	879	1288	2045
1083	919	1319	2062
1098	972	1354	2076
1135	1054	1404	2103
1172	1134	1451	2131
1186	1168	1469	2138
1188	1182	1469	2129
1163	1135	1434	2097
1138	1075	1396	2077
1103	1013	1355	2050
1073	958	1322	2025
1059	924	1305	2019
1046	898	1291	2018
1056	896	1298	2034
1075	899	1304	2045
1122	929	1317	2052
1176	967	1336	2061
1240	999	1356	2069
1289	1018	1367	2066
1281	1010	1350	2050
1261	991	1339	2032
1218	966	1330	2023
1177	952	1316	2020
1159	984	1334	2035
1154	1028	1362	2064
1182	1107	1407	2096
1212	1182	1450	2121
1226	1211	1465	2127
1233	1227	1471	2131
1214	1180	1440	2106
1192	1121	1404	2078
1162	1065	1369	2060
1132	1010	1337	2038
1120	1001	1335	2032
1112	1007	1341	2033
1133	1056	1380	2054
1157	1119	1423	2081
1175	1169	1451	2100
1188	1201	1474	2116
1175	1171	1457	2105
1157	1126	1422	2081
1131	1064	1389	2061
1099	1003	1355	2040
1077	966	1343	2037
1061	938	1345	2041
1060	930	1373	2067
1059	926	1404	2096
1058	930	1429	2132
1059	932	1450	2155
1059	921	1435	2141
1062	911	1415	2130
1056	897	1381	2100
1041	880	1341	2067
1035	863	1315	2052
1030	852	1291	2033
1023	855	1284	2023
1021	865	1286	2023
1040	916	1313	2050
1064	970	1347	2069
1097	1033	1378	2093
1127	1090	1412	2119
1133	1099	1421	2118
1137	1093	1413	2113
1126	1050	1391	2093
1098	997	1359	2066
1078	958	1333	2046
1066	935	1321	2032
1071	956	1340	2055
1087	993	1370	2089
1130	1076	1426	2129
1177	1157	1483	2171
1227	1213	1515	2192
1268	1253	1531	2195
1295	1237	1506	2168
1309	1208	1473	2137
1293	1155	1437	2108
1273	1103	1405	2080
1238	1069	1386	2066
1204	1048	1372	2066
1196	1085	1388	2091
1201	1128	1415	2118
1215	1172	1446	2141
1226	1214	1470	2161
1215	1195	1457	2145
1200	1163	1444	2129
1169	1108	1404	2107
1139	1046	1364	2090
1115	997	1352	2095
1095	953	1336	2107
1087	928	1330	2159
1085	916	1338	2220
1091	913	1353	2273
1092	909	1359	2306
1085	909	1353	2286
1079	905	1346	2256
1079	893	1328	2200
1075	882	1310	2151
1063	870	1296	2127
1054	861	1288	2112
1048	853	1289	2139
1047	848	1292	2171
1052	850	1306	2210
1055	852	1319	2249
1060	862	1326	2249
1074	873	1330	2232
1090	883	1329	2193
1102	891	1329	2161
1111	889	1318	2128
1115	887	1310	2104
1106	871	1300	2104
1098	864	1296	2115
1088	869	1307	2153
1085	877	1321	2194
1096	900	1345	2237
1105	917	1364	2264
1113	937	1369	2251
1123	959	1367	2228
1122	953	1351	2184
1111	941	1337	2142
1102	920	1321	2120
1093	895	1301	2105
1080	880	1299	2124
1068	870	1304	2153
1065	873	1320	2197
1067	874	1332	2232
1076	881	1341	2243
1081	895	1348	2253
1084	899	1344	2217
1087	901	1336	2178
1084	892	1318	2147
1080	885	1303	2111
1069	872	1292	2099
1062	862	1287	2109
1062	863	1299	2143
1059	868	1312	2181
1068	883	1336	2225
1081	900	1356	2266
1094	919	1366	2263
1105	933	1369	2255
1108	932	1354	2216
1109	930	1339	2170
1106	916	1318	2132
1096	905	1303	2096
1087	910	1304	2083
1083	925	1315	2081
1101	988	1358	2109
1135	1067	1407	2141
1177	1158	1466	2175
1221	1241	1527	2216
1242	1257	1535	2216
1252	1255	1532	2199
1237	1202	1492	2163
1211	1134	1442	2131
1182	1069	1399	2096
1149	1008	1359	2067
1118	969	1339	2064
1098	939	1326	2050
1111	940	1328	2051
1137	950	1339	2074
1201	976	1356	2082
1269	1014	1370	2088
1329	1044	1385	2098
1383	1066	1394	2098
1367	1054	1378	2091
1333	1029	1364	2090
1276	992	1355	2111
1216	954	1345	2137
1177	938	1352	2186
1153	932	1368	2240
1152	938	1387	2274
1150	941	1406	2299
1152	947	1414	2281
1151	956	1416	2250
1148	949	1406	2219
1139	937	1386	2182
1126	919	1362	2155
1115	899	1343	2142
1102	888	1336	2165
1090	875	1331	2190
1090	873	1342	2224
1095	877	1353	2266
1088	880	1350	2276
1081	882	1347	2266
1081	877	1339	2227
1078	878	1328	2183
1076	873	1314	2145
1076	865	1299	2112
1072	859	1289	2108
1065	855	1288	2108
1061	855	1299	2147
1062	846	1304	2187
1061	850	1316	2218
1061	857	1323	2233
1069	864	1324	2225
1069	864	1321	2208
1072	862	1311	2167
1072	865	1297	2134
1067	861	1285	2115
1065	856	1282	2098
1061	850	1284	2107
1056	847	1283	2113
1054	856	1295	2149
1059	861	1309	2194
1074	872	1326	2220
1082	891	1339	2238
1093	903	1336	2220
1105	909	1331	2178
1115	915	1321	2135
1122	918	1307	2100
1131	917	1300	2078
1136	915	1299	2064
1127	934	1309	2066
1127	965	1327	2077
1154	1036	1377	2120
1179	1114	1429	2159
1211	1178	1474	2186
1242	1243	1510	2215
1247	1239	1495	2198
1244	1208	1470	2179
1219	1151	1433	2146
1193	1087	1387	2104
1164	1040	1361	2074
1137	1007	1344	2055
1135	1028	1354	2064
1140	1057	1369	2075
1164	1125	1408	2102
1193	1197	1452	2126
1212	1227	1465	2135
1220	1239	1469	2138
1207	1202	1450	2120
1186	1161	1423	2102
1158	1102	1384	2083
1136	1047	1349	2059
1125	1034	1349	2049
1119	1032	1355	2054
1150	1098	1396	2100
1185	1176	1449	2143
1226	1259	1506	2185
1268	1338	1557	2224
1293	1357	1565	2222
1311	1353	1559	2214
1299	1298	1519	2183
1283	1236	1482	2150
1260	1184	1457	2128
1238	1141	1432	2115
1227	1145	1436	2127
1224	1168	1453	2149
1254	1237	1496	2190
1285	1308	1540	2228
1305	1345	1561	2240
1327	1370	1571	2247
1318	1330	1537	2220
1303	1272	1501	2188
1271	1204	1457	2147
1242	1139	1416	2121
1223	1115	1406	2123
1207	1110	1403	2124
1221	1157	1445	2155
1243	1224	1497	2196
1286	1314	1553	2234
1330	1396	1599	2265
1358	1417	1600	2259
1375	1416	1590	2241
1363	1357	1545	2205
1336	1284	1495	2166
1298	1213	1451	2134
1262	1156	1416	2113
1239	1150	1417	2118
1224	1160	1425	2128
1236	1212	1455	2156
1258	1272	1494	2192
1273	1309	1514	2209
1283	1324	1523	2222
1261	1273	1494	2195
1243	1214	1456	2160
1219	1148	1417	2142
1181	1081	1382	2120
1156	1036	1368	2139
1137	999	1355	2173
1127	980	1359	2223
1121	962	1366	2269
1122	961	1376	2288
1124	966	1380	2298
1126	964	1373	2273
1123	964	1370	2235
1117	952	1352	2188
1117	939	1331	2149
1106	923	1316	2115
1094	910	1309	2093
1094	908	1310	2082
1094	910	1311	2075
1125	936	1325	2089
1169	971	1344	2105
1256	1027	1383	2119
1354	1084	1420	2129
1419	1118	1436	2126
1469	1143	1455	2129
1455	1134	1445	2131
1425	1113	1433	2131
1364	1096	1426	2124
1306	1093	1427	2123
1294	1139	1461	2151
1293	1194	1495	2178
1301	1247	1535	2204
1309	1297	1567	2223
1305	1298	1572	2228
1297	1274	1573	2226
1273	1218	1541	2196
1242	1160	1515	2174
1222	1108	1493	2158
1203	1059	1459	2138
1184	1033	1459	2140
1174	1013	1468	2144
1173	1007	1490	2162
1166	1005	1512	2176
1152	1001	1510	2169
1138	993	1496	2160
1126	970	1458	2134
1114	951	1421	2104
1110	934	1386	2077
1105	915	1354	2053
1103	917	1339	2042
1103	918	1327	2033
1114	937	1324	2035
1125	967	1330	2034
1138	1015	1355	2052
1151	1063	1381	2067
1157	1086	1395	2079
1158	1095	1401	2093
1145	1071	1386	2092
1126	1032	1363	2076
1103	990	1334	2053
1077	948	1305	2034
1061	916	1295	2030
1052	897	1289	2028
1060	895	1295	2033
1077	900	1304	2049
1123	932	1324	2067
1176	967	1344	2082
1246	1005	1359	2088
1316	1040	1367	2100
1346	1049	1365	2097
1354	1046	1358	2082
1310	1018	1345	2067
1271	998	1330	2052
1240	1003	1328	2048
1205	1020	1339	2055
1203	1070	1365	2072
1209	1118	1396	2084
1216	1151	1414	2102
1215	1162	1421	2107
1199	1126	1401	2083
1184	1089	1376	2071
1172	1048	1352	2061
1161	1011	1328	2037
1155	1001	1319	2025
1157	1003	1320	2030
1167	1040	1350	2059
1180	1082	1382	2080
1199	1136	1410	2097
1213	1185	1440	2116
1209	1193	1447	2121
1199	1180	1435	2116
1177	1124	1403	2098
1155	1077	1372	2080
1134	1024	1346	2066
1108	974	1325	2075
1087	945	1319	2105
1077	924	1320	2140
1075	916	1328	2177
1074	905	1334	2214
1076	907	1335	2217
1074	914	1335	2210
1070	907	1325	2179
1070	898	1315	2142
1062	890	1297	2110
1052	881	1281	2078
1052	882	1283	2071
1049	889	1281	2056
1068	933	1302	2061
1094	985	1331	2076
1126	1059	1371	2095
1156	1133	1408	2117
1172	1169	1427	2127
1187	1189	1440	2121
1181	1152	1419	2098
1170	1105	1391	2078
1163	1056	1366	2056
1156	1005	1347	2042
1145	975	1350	2051
1136	954	1366	2063
1126	944	1390	2087
1116	940	1417	2117
1109	937	1441	2132
1109	938	1462	2147
1100	927	1444	2123
1092	916	1416	2104
1092	908	1378	2074
1100	899	1352	2052
1101	891	1345	2043
1102	883	1335	2039
1104	884	1361	2061
1106	889	1397	2089
1111	909	1458	2142
1111	928	1522	2193
1108	930	1549	2215
1105	934	1570	2232
1094	922	1540	2212
1084	903	1490	2176
1068	883	1436	2133
1050	861	1383	2086
1034	848	1353	2062
1024	839	1339	2058
1033	842	1362	2084
1042	854	1406	2119
1058	882	1478	2173
1079	912	1548	2234
1099	941	1586	2270
1113	962	1608	2286
1111	958	1575	2266
1111	953	1528	2229
1099	929	1467	2169
1089	902	1410	2118
1078	885	1372	2090
1060	869	1330	2054
1056	878	1322	2051
1057	898	1330	2064
1074	944	1360	2088
1094	994	1385	2110
1117	1036	1402	2128
1141	1066	1413	2138
1137	1055	1401	2128
1130	1032	1382	2110
1113	990	1355	2096
1091	944	1328	2079
1072	908	1313	2090
1058	882	1301	2113
1059	871	1302	2158
1054	864	1312	2198
1055	865	1321	2224
1059	860	1320	2238
1055	861	1316	2218
1055	861	1306	2193
1049	849	1292	2158
1039	840	1277	2120
1034	833	1270	2113
1029	827	1266	2113
1028	825	1274	2141
1033	828	1288	2177
1041	833	1307	2218
1048	838	1323	2259
1053	849	1329	2260
1056	855	1328	2242
1059	854	1319	2213
1064	857	1303	2174
1063	852	1289	2130
1056	840	1274	2099
1047	830	1263	2081
1043	824	1263	2069
1053	833	1273	2071
1074	851	1286	2076
1134	893	1306	2098
1208	939	1329	2121
1302	987	1360	2128
1383	1032	1381	2128
1411	1045	1377	2122
1424	1054	1376	2124
1380	1027	1361	2130
1323	985	1342	2140
1262	955	1338	2172
1212	931	1345	2207
1182	925	1354	2226
1162	927	1365	2243
1159	935	1364	2224
1160	947	1367	2203
1159	953	1361	2166
1153	961	1355	2136
1147	962	1346	2112
1140	963	1336	2095
1133	967	1335	2087
1131	980	1343	2085
1153	1041	1381	2113
1178	1106	1426	2140
1212	1175	1473	2176
1247	1235	1508	2200
1251	1237	1504	2197
1252	1222	1489	2189
1243	1169	1453	2162
1215	1109	1414	2126
1183	1054	1382	2100
1154	1006	1350	2071
1136	1004	1339	2057
1125	1004	1340	2052
1131	1039	1360	2058
1137	1082	1377	2069
1151	1108	1387	2072
1159	1124	1397	2074
1143	1097	1380	2060
1128	1059	1357	2046
1120	1018	1340	2036
1116	981	1320	2020
1117	958	1320	2020
1120	945	1335	2035
1125	946	1367	2062
1131	945	1405	2087
1130	947	1436	2116
1122	954	1460	2146
1116	956	1455	2148
1118	955	1448	2145
1110	940	1417	2121
1096	923	1379	2090
1087	908	1348	2061
1079	893	1323	2040
1074	892	1314	2026
1069	897	1305	2014
1075	932	1322	2024
1094	976	1346	2037
1116	1036	1378	2061
1137	1090	1407	2081
1144	1102	1420	2090
1143	1101	1426	2091
1127	1061	1412	2084
1100	1012	1385	2065
1081	972	1361	2055
1069	933	1352	2055
1063	920	1368	2074
1062	918	1391	2096
1075	937	1434	2134
1087	952	1476	2169
1105	969	1497	2189
1115	989	1509	2198
1121	989	1476	2173
1132	989	1444	2149
1128	978	1413	2108
1119	961	1374	2077
1108	950	1349	2057
1099	943	1331	2032
1093	960	1335	2037
1093	981	1344	2042
1108	1022	1366	2057
1123	1070	1389	2073
1134	1093	1399	2079
1138	1100	1405	2090
1130	1065	1389	2085
1122	1033	1372	2088
1105	991	1357	2079
1090	954	1341	2068
1081	935	1346	2071
1080	919	1362	2082
1082	921	1399	2106
1080	922	1435	2133
1085	929	1454	2151
1086	932	1462	2151
1082	921	1442	2131
1082	911	1413	2108
1080	895	1376	2077
1075	879	1349	2045
1078	876	1342	2039
1086	876	1341	2047
1098	887	1385	2080
1105	902	1439	2120
1115	917	1502	2166
1124	932	1554	2204
1119	934	1558	2219
1113	928	1559	2230
1097	906	1511	2192
1077	884	1457	2162
1061	863	1408	2126
1044	843	1356	2083
1034	833	1329	2063
1032	828	1307	2045
1036	831	1299	2043
1050	837	1303	2054
1087	858	1311	2059
1132	886	1320	2070
1198	924	1334	2083
1266	960	1351	2094
1306	980	1358	2097
1329	987	1354	2093
1311	976	1345	2103
1282	958	1338	2115
1235	926	1334	2146
1191	899	1326	2173
1163	887	1325	2197
1144	883	1332	2220
1129	882	1327	2208
1115	875	1315	2181
1109	869	1303	2142
1101	864	1289	2107
1102	862	1281	2104
1106	859	1279	2103
1115	859	1279	2110
1122	864	1286	2133
1130	870	1299	2173
1141	873	1311	2205
1132	880	1317	2208
1120	885	1318	2206
1118	889	1313	2182
1115	893	1306	2149
1113	900	1298	2112
1105	908	1289	2082
1097	903	1285	2064
1090	892	1274	2044
1081	883	1268	2032
1080	880	1269	2024
1107	897	1279	2026
1149	922	1293	2039
1226	962	1312	2056
1308	1005	1332	2067
1379	1038	1346	2072
1433	1063	1359	2079
1422	1055	1354	2072
1394	1040	1345	2063
1339	1033	1345	2061
1287	1033	1340	2060
1265	1068	1358	2082
1253	1116	1391	2106
1253	1163	1418	2119
1256	1199	1440	2128
1253	1187	1433	2119
1240	1156	1411	2109
1216	1107	1386	2105
1189	1048	1363	2089
1168	1000	1346	2095
1142	959	1328	2104
1126	936	1327	2140
1115	923	1333	2184
1116	918	1342	2214
1118	922	1354	2243
1113	929	1358	2233
1115	925	1349	2212
1113	918	1335	2184
1106	910	1328	2148
1099	902	1317	2124
1094	894	1306	2109
1084	882	1310	2103
1078	871	1323	2102
1073	874	1359	2112
1066	880	1398	2132
1070	884	1427	2153
1075	896	1454	2172
1072	899	1447	2172
1065	887	1420	2150
1055	873	1385	2122
1043	858	1349	2094
1036	845	1319	2069
1026	833	1291	2043
1020	836	1279	2034
1018	846	1279	2030
1032	880	1296	2040
1049	920	1318	2051
1072	973	1340	2055
1097	1026	1358	2065
1108	1052	1368	2066
1114	1064	1373	2063
1108	1040	1357	2049
1102	1002	1333	2034
1089	959	1308	2026
1080	925	1290	2010
1087	912	1284	2006
1093	901	1280	2009
1112	902	1284	2015
1130	911	1290	2021
1170	939	1309	2026
1220	969	1329	2034
1276	997	1339	2039
1325	1020	1344	2041
1350	1027	1350	2039
1361	1030	1356	2034
1335	1014	1358	2043
1304	996	1367	2049
1274	985	1401	2068
1249	980	1440	2101
1229	978	1480	2136
1210	971	1515	2161
1187	960	1518	2171
1165	948	1501	2168
1139	925	1458	2136
1117	903	1415	2113
1101	882	1378	2088
1087	867	1355	2073
1084	864	1360	2080
1082	864	1380	2090
1085	885	1442	2130
1095	904	1508	2180
1104	913	1548	2212
1109	925	1575	2242
1101	918	1552	2232
1092	907	1513	2207
1078	884	1457	2164
1063	862	1401	2122
1050	847	1357	2092
1036	829	1318	2061
1025	819	1295	2037
1019	814	1283	2028
1024	823	1283	2028
1038	830	1283	2027
1082	851	1293	2034
1128	881	1305	2043
1185	914	1320	2055
1247	951	1335	2061
1280	967	1338	2068
1295	969	1333	2081
1268	952	1328	2090
1234	930	1321	2100
1195	903	1315	2129
1160	888	1314	2167
1134	885	1317	2189
1113	879	1321	2198
1105	876	1315	2182
1098	875	1309	2161
1089	873	1299	2132
1082	868	1288	2115
1080	863	1282	2095
1076	860	1276	2072
1075	880	1280	2069
1081	913	1293	2074
1105	971	1322	2078
1130	1037	1356	2086
1157	1095	1388	2105
1172	1141	1408	2112
1165	1138	1404	2103
1159	1118	1391	2095
1136	1068	1356	2073
1113	1015	1333	2053
1100	984	1317	2035
1097	955	1297	2016
1108	961	1298	2016
1121	979	1310	2029
1145	1021	1336	2044
1169	1066	1354	2055
1181	1093	1367	2068
1186	1110	1380	2077
1168	1084	1368	2079
1149	1047	1348	2067
1130	999	1325	2047
1102	955	1304	2035
1078	927	1290	2030
1067	897	1274	2025
1069	890	1275	2027
1076	893	1281	2034
1116	912	1295	2038
1163	935	1307	2040
1233	974	1326	2058
1299	1004	1346	2064
1341	1024	1356	2077
1373	1039	1358	2090
1351	1015	1353	2101
1315	988	1340	2104
1267	964	1334	2132
1221	941	1338	2174
1193	933	1347	2211
1172	931	1360	2250
1164	937	1371	2257
1160	944	1374	2253
1155	938	1360	2207
1149	930	1341	2155
1144	923	1326	2122
1134	912	1305	2083
1133	912	1296	2065
1138	923	1295	2050
1154	965	1319	2052
1170	1019	1351	2073
1205	1090	1392	2102
1241	1159	1428	2122
1250	1194	1443	2131
1251	1209	1453	2138
1228	1168	1427	2129
1201	1117	1405	2117
1170	1059	1379	2103
1141	1005	1352	2090
1118	967	1351	2084
1096	937	1359	2079
1093	934	1384	2098
1088	932	1411	2121
1084	931	1436	2135
1082	929	1441	2132
1082	922	1419	2119
1077	918	1396	2099
1070	914	1369	2068
1069	909	1343	2046
1067	911	1321	2031
1065	912	1314	2020
1065	919	1311	2015
1069	933	1309	2014
1083	971	1329	2031
1096	1011	1349	2048
1120	1059	1372	2054
1138	1103	1394	2060
1143	1118	1402	2071
1146	1117	1399	2066
1132	1083	1379	2050
1118	1050	1359	2036
1100	1014	1346	2028
1088	982	1341	2032
1079	964	1357	2046
1070	952	1377	2063
1074	953	1409	2086
1077	948	1442	2107
1074	948	1457	2120
1072	943	1458	2123
1067	925	1429	2102
1062	905	1392	2077
1055	890	1360	2053
1049	883	1337	2036
1050	878	1332	2034
1060	874	1340	2039
1077	887	1383	2070
1090	903	1430	2106
1098	914	1476	2139
1107	926	1520	2179
1107	922	1524	2180
1101	912	1512	2177
1083	894	1467	2156
1063	871	1420	2128
1048	854	1376	2097
1037	841	1340	2071
1026	828	1317	2059
1024	824	1300	2052
1037	834	1301	2052
1045	842	1299	2050
1084	864	1311	2060
1127	898	1326	2066
1188	942	1339	2071
1257	972	1351	2070
1307	995	1352	2064
1340	1016	1357	2062
1338	1012	1355	2055
1327	1009	1352	2056
1308	1030	1362	2067
1294	1054	1373	2077
1292	1099	1396	2096
1291	1148	1420	2114
1284	1168	1431	2124
1279	1175	1436	2128
1256	1137	1416	2117
1226	1097	1391	2105
1197	1043	1360	2099
1164	990	1335	2104
1138	955	1322	2125
1119	925	1316	2153
1113	908	1322	2187
1112	896	1322	2217
1113	896	1324	2231
1101	889	1314	2215
1090	884	1304	2183
1089	879	1298	2156
1080	865	1278	2125
1077	859	1277	2103
1069	849	1273	2084
1061	840	1257	2064
1058	840	1252	2052
1059	845	1253	2048
1096	866	1269	2050
1141	900	1280	2053
1218	948	1300	2056
1298	985	1322	2058
1357	1013	1331	2060
1400	1038	1343	2063
1390	1037	1341	2074
1369	1027	1343	2085
1319	1003	1344	2113
1267	979	1337	2147
1223	964	1339	2180
1186	950	1342	2210
1165	938	1342	2219
1151	930	1337	2214
1138	916	1320	2175
1125	904	1305	2135
1114	889	1289	2095
1102	877	1282	2066
1092	883	1290	2069
1085	891	1304	2066
1088	898	1340	2083
1092	915	1383	2114
1097	934	1424	2141
1103	944	1459	2165
1107	947	1464	2165
1105	947	1460	2166
1101	934	1427	2140
1098	921	1394	2110
1086	903	1359	2078
1078	887	1322	2045
1070	875	1302	2027
1063	870	1286	2012
1073	894	1293	2020
1090	921	1303	2029
1115	970	1323	2040
1142	1019	1346	2046
1167	1056	1363	2055
1183	1083	1374	2062
1174	1064	1365	2050
1158	1039	1347	2041
1137	1004	1328	2036
1114	961	1307	2030
1100	928	1295	2037
1097	905	1288	2048
1112	904	1296	2092
1126	909	1314	2140
1143	924	1337	2180
1155	936	1352	2212
1159	947	1357	2219
1168	956	1358	2213
1175	949	1348	2183
1168	940	1335	2145
1149	932	1318	2118
1139	918	1299	2093
1130	922	1295	2078
1121	933	1300	2073
1129	967	1314	2074
1140	1011	1334	2077
1163	1070	1368	2083
1191	1124	1393	2083
1203	1141	1395	2081
1202	1147	1395	2083
1182	1114	1375	2064
1161	1077	1355	2050
1137	1037	1338	2043
1112	995	1317	2031
1101	975	1309	2027
1100	959	1307	2019
1108	953	1310	2024
1122	950	1313	2035
1170	965	1321	2042
1228	987	1334	2047
1287	1010	1336	2046
1337	1034	1342	2049
1347	1034	1339	2057
1343	1024	1332	2069
1306	993	1327	2093
1267	964	1323	2123
1220	943	1325	2160
1182	922	1326	2195
1163	916	1332	2215
1154	913	1338	2235
1145	912	1332	2211
1134	909	1324	2180
1132	900	1306	2138
1122	891	1292	2095
1111	881	1280	2071
1111	871	1267	2046
1110	865	1269	2035
1109	867	1271	2039
1139	887	1282	2046
1181	912	1302	2051
1252	958	1329	2059
1331	1015	1357	2078
1415	1064	1374	2085
1490	1103	1386	2085
1508	1109	1388	2090
1505	1104	1384	2084
1454	1081	1367	2075
1391	1057	1354	2069
1338	1058	1354	2074
1293	1074	1358	2085
1281	1116	1384	2095
1274	1151	1405	2096
1262	1165	1409	2093
1249	1171	1410	2087
1227	1137	1390	2071
1201	1090	1361	2055
1168	1032	1332	2042
1142	981	1312	2032
1126	948	1297	2033
1109	924	1289	2043
1111	917	1287	2033
1130	919	1291	2034
1176	943	1304	2049
1225	970	1314	2054
1290	997	1323	2049
1347	1028	1339	2047
1361	1035	1337	2044
1366	1027	1329	2036
1327	1003	1319	2038
1286	976	1308	2041
1246	956	1306	2049
1211	938	1301	2054
1234	951	1310	2064
1264	974	1331	2076
1328	1020	1353	2086
1400	1060	1360	2074
1458	1080	1371	2073
1500	1101	1385	2089
1475	1082	1369	2085
1431	1053	1347	2082
1361	1011	1333	2101
1302	968	1325	2129
1265	946	1327	2172
1229	932	1333	2208
1221	935	1338	2220
1215	932	1341	2223
1213	928	1330	2194
1211	925	1320	2165
1194	914	1304	2121
1176	906	1283	2077
1156	886	1269	2052
1135	870	1254	2029
1128	867	1253	2023
1129	867	1260	2025
1157	887	1273	2028
1191	914	1284	2038
1269	963	1310	2049
1354	1017	1339	2060
1431	1057	1352	2062
1493	1092	1366	2054
1504	1093	1365	2051
1499	1078	1351	2047
1445	1047	1334	2036
1382	1009	1316	2025
1332	984	1310	2030
1299	970	1304	2034
1319	985	1313	2047
1353	1005	1333	2058
1418	1044	1351	2067
1481	1081	1366	2072
1513	1093	1372	2067
1535	1107	1372	2065
1497	1088	1356	2065
1451	1058	1346	2073
1391	1031	1350	2108
1322	1007	1348	2135
1279	993	1346	2163
1242	973	1344	2194
1216	958	1341	2211
1197	953	1342	2207
1186	942	1333	2175
1164	926	1314	2134
1148	911	1298	2098
1140	898	1280	2065
1128	890	1264	2046
1115	883	1259	2037
1104	884	1261	2024
1101	883	1259	2012
1120	896	1265	2008
1146	913	1269	2010
1204	940	1284	2015
1273	978	1305	2017
1349	1012	1319	2028
1410	1037	1327	2033
1416	1038	1321	2021
1408	1029	1315	2017
1356	995	1307	2016
1303	963	1300	2010
1267	949	1292	2004
1233	939	1288	2010
1261	959	1303	2018
1305	989	1320	2027
1369	1033	1341	2035
1434	1070	1357	2034
1468	1088	1360	2035
1495	1104	1366	2038
1474	1093	1362	2038
1430	1082	1357	2034
1375	1082	1356	2035
1332	1091	1360	2044
1316	1132	1384	2061
1307	1179	1417	2084
1307	1222	1439	2099
1306	1253	1455	2110
1295	1236	1450	2101
1284	1203	1430	2081
1261	1142	1398	2065
1229	1083	1365	2047
1198	1034	1334	2030
1163	988	1309	2023
1143	960	1299	2030
1133	939	1291	2037
1151	947	1297	2034
1176	962	1304	2030
1214	983	1314	2027
1267	1006	1323	2029
1308	1020	1322	2030
1335	1032	1327	2031
1320	1022	1323	2025
1297	1005	1314	2020
1263	995	1311	2031
1224	989	1311	2041
1202	1013	1327	2054
1192	1049	1354	2071
1204	1099	1384	2097
1213	1147	1407	2115
1215	1158	1411	2117
1210	1152	1406	2101
1188	1113	1380	2075
1167	1064	1346	2055
1143	1021	1320	2036
1120	986	1305	2027
1114	983	1309	2039
1111	992	1314	2051
1122	1035	1344	2068
1144	1088	1380	2091
1165	1133	1405	2106
1182	1171	1422	2110
1182	1162	1412	2093
1179	1144	1396	2087
1158	1096	1370	2070
1135	1044	1343	2048
1117	1008	1319	2036
1095	981	1307	2032
1098	991	1319	2048
1107	1009	1332	2062
1124	1060	1361	2076
1148	1117	1393	2101
1169	1151	1413	2109
1186	1174	1425	2107
1184	1158	1409	2092
1171	1132	1393	2075
1149	1080	1368	2059
1130	1036	1345	2043
1120	1018	1344	2042
1113	1000	1344	2045
1116	1028	1366	2067
1126	1070	1402	2093
1158	1132	1441	2121
1190	1191	1479	2154
1210	1213	1489	2155
1225	1227	1483	2145
1219	1195	1452	2128
1209	1159	1426	2113
1188	1113	1408	2099
1165	1064	1376	2079
1153	1051	1370	2085
1149	1052	1375	2101
1172	1104	1410	2137
1200	1165	1451	2172
1238	1232	1497	2199
1277	1296	1536	2223
1301	1311	1533	2216
1317	1309	1524	2195
1310	1267	1496	2167
1301	1214	1455	2135
1280	1165	1421	2115
1254	1122	1400	2100
1234	1124	1402	2113
1227	1133	1410	2132
1241	1176	1440	2155
1249	1229	1474	2175
1265	1264	1498	2179
1279	1289	1513	2190
1276	1273	1496	2175
1269	1244	1468	2135
1246	1193	1430	2112
1219	1137	1395	2089
1200	1110	1382	2072
1183	1093	1373	2060
1179	1119	1394	2072
1191	1166	1428	2094
1218	1227	1462	2120
1242	1277	1491	2142
1252	1289	1496	2142
1248	1286	1487	2133
1225	1231	1457	2113
1201	1172	1429	2093
1176	1111	1404	2076
1152	1052	1381	2064
1136	1016	1378	2079
1114	985	1390	2096
1105	978	1421	2122
1105	976	1452	2149
1109	977	1467	2156
1106	975	1465	2151
1104	969	1446	2136
1104	962	1423	2111
1099	944	1387	2080
1088	926	1351	2055
1082	924	1331	2044
1082	921	1314	2030
1086	941	1324	2031
1096	973	1337	2036
1118	1030	1361	2048
1139	1093	1391	2064
1157	1134	1418	2079
1170	1164	1430	2088
1161	1148	1410	2077
1148	1115	1395	2069
1129	1067	1361	2046
1112	1025	1338	2020
1099	1008	1328	2020
1091	1000	1319	2027
1105	1024	1341	2045
1119	1055	1366	2062
1136	1099	1393	2079
1157	1138	1415	2093
1165	1149	1416	2099
1166	1141	1404	2092
1157	1098	1378	2063
1143	1060	1357	2039
1122	1012	1335	2021
1097	974	1306	2010
1085	959	1291	2008
1082	939	1283	2010
1100	945	1289	2014
1126	961	1300	2018
1168	988	1316	2026
1223	1020	1331	2036
1274	1040	1335	2040
1313	1053	1336	2040
1310	1041	1327	2024
1300	1030	1321	2023
1272	1023	1319	2021
1237	1020	1323	2029
1215	1041	1338	2049
1204	1074	1363	2074
1207	1117	1388	2096
1214	1154	1411	2109
1214	1159	1412	2104
1208	1153	1401	2095
1191	1117	1379	2078
1175	1076	1356	2063
1159	1041	1339	2050
1144	1008	1321	2037
1139	1010	1324	2043
1134	1025	1331	2057
1149	1065	1360	2092
1171	1111	1391	2117
1188	1147	1416	2129
1198	1171	1437	2146
1193	1155	1423	2130
1181	1126	1396	2094
1164	1082	1371	2070
1152	1047	1349	2058
1136	1027	1336	2049
1120	1005	1326	2040
1126	1024	1338	2049
1137	1059	1362	2069
1159	1116	1397	2097
1186	1177	1430	2121
1209	1214	1450	2133
1224	1231	1459	2135
1215	1203	1444	2121
1204	1170	1421	2100
1182	1111	1384	2073
1164	1064	1361	2061
1147	1050	1353	2056
1132	1042	1350	2058
1151	1081	1378	2085
1175	1125	1407	2114
1201	1182	1442	2143
1218	1231	1473	2165
1228	1242	1475	2168
1242	1243	1466	2163
1235	1204	1439	2139
1216	1154	1408	2107
1193	1108	1378	2081
1173	1071	1360	2068
1162	1066	1357	2072
1155	1075	1366	2086
1172	1119	1400	2112
1194	1168	1430	2135
1209	1211	1451	2159
1220	1234	1464	2166
1221	1217	1459	2157
1212	1185	1438	2136
1188	1127	1403	2121
1164	1071	1370	2111
1142	1022	1351	2124
1127	976	1339	2142
1120	958	1335	2184
1111	943	1338	2229
1104	940	1348	2259
1103	941	1354	2275
1108	943	1351	2259
1104	942	1344	2235
1094	933	1331	2183
1088	925	1316	2137
1085	921	1304	2115
1084	921	1296	2086
1091	941	1302	2078
1103	965	1315	2079
1128	1027	1354	2103
1153	1099	1390	2130
1185	1169	1429	2149
1216	1225	1465	2163
1229	1237	1468	2165
1234	1229	1462	2161
1219	1179	1429	2131
1191	1121	1392	2097
1161	1057	1354	2081
1133	1005	1326	2060
1112	968	1305	2045
1105	939	1290	2042
1125	935	1296	2048
1147	939	1296	2059
1197	962	1304	2063
1253	991	1320	2065
1300	1014	1330	2066
1336	1035	1339	2071
1329	1023	1335	2075
1314	1002	1330	2081
1269	982	1325	2108
1224	962	1322	2143
1193	947	1326	2180
1170	933	1336	2215
1163	932	1347	2234
1157	934	1354	2254
1153	937	1350	2238
1150	941	1344	2210
1148	939	1331	2170
1137	931	1314	2126
1130	923	1303	2097
1127	921	1297	2081
1122	942	1304	2083
1129	970	1318	2084
1147	1024	1350	2101
1163	1082	1384	2119
1182	1123	1413	2131
1198	1165	1436	2146
1195	1165	1434	2146
1186	1137	1417	2128
1162	1084	1379	2097
1140	1038	1353	2071
1123	1006	1339	2059
1107	981	1324	2050
1104	987	1327	2051
1102	1002	1332	2060
1114	1041	1354	2064
1132	1092	1386	2083
1149	1128	1403	2095
1162	1143	1412	2102
1157	1119	1397	2095
1147	1095	1383	2084
1127	1055	1366	2073
1105	1006	1350	2053
1090	975	1354	2058
1076	950	1356	2071
1075	939	1389	2099
1078	934	1421	2129
1080	938	1439	2154
1077	940	1454	2173
1078	929	1445	2165
1071	921	1428	2154
1065	911	1396	2122
1060	898	1367	2095
1051	887	1335	2085
1049	876	1312	2084
1041	861	1308	2099
1040	852	1303	2123
1046	854	1308	2163
1050	856	1320	2203
1053	863	1327	2220
1055	868	1327	2232
1057	870	1326	2210
1060	871	1319	2181
1057	866	1306	2146
1054	867	1291	2113
1057	875	1286	2087
1063	885	1289	2074
1077	915	1307	2085
1093	959	1339	2100
1119	1027	1378	2123
1146	1091	1416	2152
1167	1125	1437	2168
1188	1152	1452	2178
1178	1133	1441	2161
1166	1105	1420	2137
1152	1062	1400	2120
1133	1013	1381	2096
1113	976	1374	2084
1096	950	1378	2087
1091	947	1410	2107
1088	946	1435	2124
1090	952	1452	2142
1091	963	1468	2157
1092	971	1464	2155
1092	970	1450	2134
1091	958	1415	2104
1086	947	1380	2079
1081	934	1354	2059
1077	923	1329	2039
1079	927	1320	2041
1086	936	1322	2050
1102	969	1343	2064
1108	1009	1361	2080
1119	1049	1380	2095
1133	1074	1393	2107
1129	1074	1387	2107
1127	1064	1379	2103
1111	1025	1361	2092
1089	982	1336	2080
1075	944	1315	2080
1064	917	1298	2090
1059	898	1299	2134
1054	879	1304	2167
1055	875	1314	2196
1056	872	1320	2224
1061	872	1322	2232
1063	870	1323	2227
1061	869	1316	2199
1060	863	1304	2163
1051	859	1292	2130
1042	854	1285	2101
1045	853	1298	2088
1043	854	1318	2088
1048	860	1353	2116
1055	874	1392	2147
1060	888	1421	2168
1065	900	1440	2185
1066	902	1441	2181
1065	901	1431	2165
1061	893	1400	2140
1051	882	1365	2114
1046	876	1337	2088
1046	869	1320	2061
1044	878	1311	2047
1052	900	1310	2052
1073	940	1330	2062
1089	986	1353	2080
1111	1037	1381	2103
1139	1086	1407	2110
1155	1112	1418	2110
1169	1123	1418	2119
1163	1092	1397	2104
1156	1060	1382	2096
1140	1021	1362	2098
1118	980	1342	2110
1111	958	1341	2150
1115	945	1352	2202
1120	950	1373	2258
1130	962	1392	2296
1149	974	1403	2305
1163	986	1410	2317
1172	992	1403	2280
1182	991	1393	2233
1179	982	1369	2189
1174	970	1346	2150
1163	951	1331	2124
1145	927	1312	2100
1132	914	1304	2093
1130	912	1302	2090
1161	931	1311	2095
1202	958	1327	2108
1256	991	1346	2115
1315	1024	1359	2121
1353	1044	1363	2119
1377	1060	1370	2108
1363	1056	1366	2100
1340	1048	1355	2089
1307	1053	1358	2082
1278	1061	1363	2082
1263	1089	1379	2095
1243	1119	1396	2108
1238	1143	1413	2124
1240	1159	1424	2132
1225	1140	1407	2121
1207	1110	1385	2105
1186	1066	1365	2085
1161	1023	1339	2062
1144	988	1321	2047
1126	956	1305	2028
1133	954	1303	2031
1151	955	1310	2043
1196	984	1325	2057
1244	1023	1341	2065
1301	1061	1361	2074
1356	1091	1380	2083
1380	1106	1387	2085
1390	1111	1385	2082
1364	1099	1377	2075
1335	1087	1375	2073
1307	1097	1384	2080
1277	1111	1394	2087
1269	1146	1418	2116
1274	1184	1438	2142
1276	1203	1449	2151
1274	1216	1459	2158
1264	1194	1444	2148
1250	1161	1422	2133
1232	1115	1392	2110
1209	1063	1364	2092
1183	1015	1339	2074
1166	978	1318	2051
1166	963	1310	2045
1175	957	1306	2040
1224	978	1322	2053
1279	1002	1345	2066
1342	1037	1370	2084
1398	1070	1392	2102
1419	1085	1410	2109
1433	1094	1420	2115
1403	1072	1406	2129
1362	1049	1397	2153
1318	1025	1388	2185
1269	991	1377	2213
1232	969	1375	2241
1210	955	1372	2265
1194	940	1366	2256
1175	932	1358	2241
1161	929	1347	2216
1151	919	1338	2188
1137	905	1323	2156
1126	892	1313	2135
1117	883	1306	2143
1105	878	1297	2159
1102	872	1305	2189
1101	867	1312	2210
1098	867	1314	2224
1095	868	1321	2244
1099	873	1322	2234
1104	880	1321	2217
1107	882	1309	2186
1103	882	1300	2153
1100	875	1294	2123
1101	869	1280	2099
1099	867	1266	2075
1099	868	1268	2059
1113	873	1273	2051
1136	883	1278	2059
1183	905	1293	2059
1238	937	1314	2069
1299	980	1331	2086
1364	1012	1340	2090
1396	1029	1344	2091
1409	1041	1346	2089
1382	1023	1338	2078
1352	1003	1331	2068
1308	980	1325	2062
1270	962	1319	2060
1276	968	1325	2062
1292	980	1328	2063
1336	1008	1343	2070
1385	1039	1369	2085
1427	1066	1381	2098
1455	1087	1387	2103
1442	1086	1382	2096
1418	1077	1377	2089
1377	1073	1378	2090
1338	1075	1379	2087
1316	1100	1394	2096
1294	1127	1412	2107
1287	1162	1431	2125
1285	1192	1451	2137
1274	1182	1451	2142
1262	1168	1435	2145
1239	1134	1416	2126
1215	1090	1401	2109
1195	1046	1393	2109
1171	1005	1388	2112
1159	981	1401	2122
1147	965	1417	2131
1132	959	1435	2141
1123	942	1448	2148
1119	932	1444	2146
1105	925	1437	2134
1092	917	1424	2124
1087	907	1404	2117
1080	895	1390	2118
1073	888	1375	2115
1071	884	1361	2122
1066	879	1349	2132
1067	877	1346	2162
1071	876	1346	2186
1075	877	1347	2194
1078	876	1352	2210
1082	884	1346	2200
1084	894	1337	2178
1080	901	1335	2152
1077	908	1325	2120
1081	920	1321	2100
1083	925	1321	2081
1087	941	1328	2073
1096	969	1339	2079
1111	1013	1359	2088
1129	1060	1394	2104
1155	1108	1424	2128
1174	1144	1442	2141
1174	1146	1448	2139
1178	1139	1454	2143
1167	1109	1443	2133
1151	1073	1427	2119
1133	1034	1418	2113
1114	996	1413	2107
1101	970	1429	2118
1095	957	1443	2124
1094	950	1460	2131
1088	940	1479	2145
1086	937	1474	2151
1084	936	1463	2146
1077	929	1438	2125
1068	924	1408	2099
1059	922	1380	2068
1058	916	1351	2055
1054	915	1334	2046
1052	923	1331	2036
1065	945	1339	2042
1075	973	1350	2049
1093	1017	1363	2064
1113	1054	1378	2073
1128	1078	1398	2082
1139	1094	1407	2095
1139	1084	1394	2090
1140	1071	1378	2082
1141	1042	1366	2089
1135	1006	1351	2089
1128	979	1344	2106
1124	957	1346	2135
1131	949	1355	2186
1139	948	1371	2242
1145	955	1390	2270
1154	960	1402	2282
1156	963	1399	2262
1159	965	1400	2240
1161	963	1394	2208
1161	957	1384	2177
1148	934	1363	2141
1136	919	1345	2116
1128	913	1338	2100
1119	904	1330	2078
1139	917	1334	2074
1166	931	1338	2085
1214	961	1353	2095
1269	997	1376	2100
1314	1024	1393	2107
1359	1050	1407	2113
1361	1056	1410	2112
1354	1056	1413	2113
1331	1052	1408	2104
1302	1056	1405	2097
1270	1073	1402	2094
1249	1088	1409	2093
1244	1111	1418	2098
1231	1135	1421	2105
1223	1134	1416	2102
1212	1118	1400	2087
1190	1086	1381	2073
1173	1049	1362	2057
1158	1015	1347	2046
1140	987	1333	2037
1134	973	1323	2038
1137	961	1314	2040
1171	965	1318	2041
1204	975	1328	2047
1254	997	1339	2052
1309	1025	1355	2066
1340	1038	1368	2071
1366	1044	1377	2070
1351	1030	1369	2060
1327	1010	1360	2055
1294	990	1348	2053
1264	972	1338	2059
1261	969	1335	2063
1268	975	1338	2058
1311	1004	1348	2060
1368	1034	1359	2072
1418	1062	1372	2082
1459	1081	1380	2088
1463	1076	1376	2093
1455	1070	1377	2093
1418	1049	1367	2108
1374	1024	1359	2130
1331	1001	1357	2160
1286	978	1352	2191
1261	966	1352	2207
1237	956	1343	2203
1218	941	1334	2178
1201	935	1330	2162
1185	931	1318	2135
1177	921	1313	2101
1170	922	1311	2077
1167	928	1300	2059
1172	946	1304	2055
1179	968	1319	2057
1194	1007	1340	2064
1208	1051	1360	2077
1214	1087	1377	2092
1220	1118	1392	2100
1213	1121	1395	2098
1197	1111	1392	2090
1173	1074	1375	2085
1152	1038	1350	2073
1135	1008	1333	2068
1114	976	1321	2064
1107	968	1318	2053
1104	978	1324	2051
1112	1006	1341	2062
1120	1029	1353	2068
1132	1053	1367	2073
1143	1078	1377	2080
1139	1069	1373	2080
1132	1054	1368	2075
1116	1023	1354	2066
1098	991	1343	2061
1087	970	1349	2073
1081	947	1358	2085
1083	933	1387	2095
1081	927	1418	2116
1083	936	1447	2141
1089	945	1481	2160
1092	945	1488	2166
1096	945	1494	2168
1099	943	1479	2164
1100	935	1455	2145
1097	925	1446	2131
1090	918	1436	2124
1088	916	1453	2134
1091	913	1477	2152
1093	920	1523	2186
1098	930	1569	2215
1103	936	1592	2233
1103	939	1606	2242
1091	932	1584	2228
1085	918	1556	2206
1079	902	1514	2170
1071	892	1467	2136
1074	885	1441	2118
1079	883	1429	2108
1092	899	1457	2132
1105	915	1491	2159
1122	936	1542	2199
1140	954	1585	2242
1146	970	1600	2257
1148	983	1610	2265
1148	981	1583	2251
1145	976	1549	2231
1135	961	1507	2196
1128	948	1463	2161
1120	937	1426	2124
1111	933	1400	2099
1108	943	1393	2090
1109	955	1382	2079
1116	981	1383	2077
1124	1008	1390	2074
1129	1029	1394	2073
1136	1049	1397	2075
1145	1049	1388	2072
1145	1036	1377	2066
1143	1012	1370	2064
1141	991	1363	2058
1138	974	1365	2057
1138	953	1371	2057
1128	943	1387	2074
1123	936	1406	2097
1124	931	1424	2111
1116	932	1436	2120
1098	924	1423	2114
1088	910	1406	2113
1079	896	1384	2099
1065	886	1355	2078
1056	878	1333	2060
1053	874	1316	2045
1055	886	1310	2042
1057	900	1311	2041
1071	937	1327	2040
1087	980	1349	2047
1102	1015	1369	2065
1115	1044	1388	2077
1114	1048	1392	2076
1112	1041	1391	2077
1103	1016	1376	2067
1093	991	1363	2063
1082	972	1355	2065
1074	964	1345	2060
1081	978	1348	2060
1091	996	1363	2078
1105	1026	1372	2086
1119	1053	1387	2091
1128	1064	1392	2098
1133	1069	1392	2102
1128	1047	1380	2104
1123	1018	1363	2103
1107	982	1352	2110
1093	952	1338	2125
1089	925	1333	2152
1081	899	1330	2173
1071	889	1331	2194
1063	878	1329	2210
1060	868	1319	2198
1054	868	1308	2183
1050	862	1302	2157
1053	850	1298	2129
1052	852	1296	2104
1052	852	1295	2087
1062	859	1317	2088
1076	873	1349	2096
1093	885	1387	2117
1108	901	1421	2142
1114	911	1446	2158
1121	916	1469	2164
1117	919	1466	2164
1112	916	1455	2157
1106	902	1434	2137
1097	893	1417	2119
1086	877	1392	2097
1079	866	1375	2087
1075	863	1360	2077
1072	857	1340	2060
1090	863	1326	2051
1117	871	1317	2048
1160	898	1324	2055
1205	925	1328	2058
1248	947	1334	2050
1296	968	1343	2053
1318	973	1346	2065
1324	972	1345	2077
1305	965	1347	2101
1281	958	1350	2129
1257	950	1356	2161
1233	942	1364	2188
1216	941	1364	2200
1199	940	1364	2195
1192	934	1357	2174
1184	927	1347	2158
1173	920	1338	2127
1168	911	1331	2105
1167	907	1343	2104
1163	908	1357	2096
1166	914	1379	2110
1171	922	1408	2124
1172	929	1440	2136
1171	931	1464	2150
1157	920	1464	2153
1137	909	1460	2150
1118	900	1437	2139
1103	883	1403	2114
1088	870	1378	2098
1070	859	1356	2089
1063	851	1356	2089
1056	850	1364	2091
1054	860	1384	2098
1059	868	1404	2107
1062	872	1426	2122
1063	879	1444	2131
1061	883	1448	2133
1054	883	1438	2125
1049	882	1412	2102
1044	883	1388	2082
1044	885	1365	2063
1043	888	1344	2045
1042	897	1329	2032
1044	904	1321	2031
1051	926	1331	2038
1062	952	1338	2036
1080	983	1346	2040
1098	1019	1364	2048
1107	1037	1376	2058
1111	1044	1384	2060
1105	1038	1385	2060
1103	1022	1379	2059
1095	998	1366	2042
1085	978	1351	2034
1081	970	1344	2032
1076	970	1342	2032
1080	989	1348	2039
1090	1009	1355	2045
1099	1033	1366	2059
1101	1048	1376	2064
1106	1043	1385	2067
1108	1036	1392	2083
1097	1012	1385	2087
1087	984	1386	2092
1077	956	1386	2115
1070	932	1382	2140
1065	914	1376	2171
1063	901	1369	2196
1064	889	1360	2208
1062	877	1346	2217
1054	863	1337	2204
1046	855	1319	2185
1040	851	1305	2156
1037	843	1299	2126
1041	842	1294	2125
1045	845	1293	2128
1055	846	1298	2146
1062	851	1302	2167
1077	863	1313	2189
1090	868	1324	2214
1096	870	1323	2215
1101	877	1327	2212
1102	879	1326	2192
1100	880	1320	2165
1097	878	1314	2143
1095	871	1311	2119
1095	869	1304	2109
1098	873	1298	2099
1115	887	1302	2089
1136	902	1311	2088
1183	930	1325	2090
1241	961	1343	2088
1300	997	1362	2088
1355	1034	1377	2093
1383	1049	1390	2094
1398	1061	1399	2095
1383	1064	1402	2094
1363	1072	1408	2089
1332	1085	1409	2088
1297	1098	1413	2097
1275	1111	1422	2106
1259	1129	1431	2111
1241	1138	1425	2098
1224	1144	1424	2096
1210	1119	1413	2087
1192	1087	1394	2072
1171	1057	1384	2058
1154	1027	1372	2047
1146	1023	1372	2053
1137	1026	1377	2057
1136	1046	1382	2066
1148	1070	1393	2076
1156	1080	1397	2082
1152	1087	1392	2081
1145	1072	1382	2069
1140	1052	1372	2066
1121	1024	1356	2067
1105	991	1335	2069
1094	967	1324	2082
1083	947	1321	2105
1087	937	1323	2140
1087	934	1330	2175
1086	936	1338	2186
1088	938	1343	2203
1088	938	1340	2198
1085	931	1334	2180
1078	919	1322	2155
1074	909	1309	2126
1069	910	1305	2102
1066	909	1312	2082
1070	924	1325	2083
1075	944	1334	2079
1094	980	1356	2085
1113	1025	1381	2098
1124	1068	1401	2106
1139	1105	1418	2115
1147	1106	1416	2112
1146	1104	1409	2100
1137	1077	1394	2090
1124	1044	1376	2091
1103	1008	1366	2088
1088	969	1361	2078
1083	946	1367	2086
1078	934	1382	2107
1080	935	1403	2126
1086	928	1420	2136
1086	922	1417	2126
1084	923	1418	2124
1075	919	1408	2112
1068	905	1382	2086
1069	896	1362	2071
1064	893	1349	2055
1066	900	1350	2051
1072	911	1349	2060
1084	942	1368	2068
1098	974	1384	2073
1116	1007	1395	2082
1133	1041	1414	2088
1136	1062	1422	2093
1139	1068	1415	2093
1133	1052	1393	2082
1125	1030	1378	2071
1110	996	1371	2065
1090	966	1363	2058
1087	946	1365	2067
1090	931	1371	2077
1099	935	1395	2099
1110	942	1417	2118
1120	950	1429	2121
1126	954	1442	2122
1123	948	1437	2118
1121	945	1419	2107
1118	941	1400	2085
1109	938	1381	2072
1103	939	1363	2057
1098	949	1349	2048
1097	971	1352	2045
1108	994	1361	2048
1121	1027	1374	2052
1128	1056	1386	2057
1134	1073	1393	2060
1137	1085	1395	2058
1127	1069	1389	2057
1115	1047	1386	2056
1106	1028	1378	2059
1097	1003	1370	2057
1094	993	1368	2053
1093	999	1372	2057
1103	1020	1389	2071
1117	1043	1405	2093
1137	1072	1429	2123
1153	1097	1443	2133
1162	1102	1442	2128
1163	1098	1442	2125
1162	1077	1434	2125
1164	1054	1430	2127
1153	1028	1426	2121
1144	1002	1425	2125
1133	989	1441	2144
1121	976	1457	2150
1113	964	1463	2155
1105	955	1469	2159
1092	939	1456	2150
1077	918	1432	2132
1069	900	1409	2118
1064	891	1387	2106
1059	883	1374	2114
1053	873	1361	2132
1049	871	1361	2150
1048	867	1365	2169
1056	865	1367	2197
1061	866	1369	2214
1060	864	1363	2210
1058	862	1361	2204
1054	858	1347	2174
1052	855	1332	2147
1045	852	1334	2128
1046	854	1348	2113
1057	862	1377	2124
1063	871	1407	2139
1069	889	1451	2163
1079	904	1485	2186
1091	915	1505	2197
1099	925	1522	2203
1102	929	1508	2193
1103	932	1495	2185
1094	918	1462	2147
1089	902	1423	2110
1086	898	1391	2091
1080	901	1359	2070
1085	917	1350	2058
1093	939	1349	2050
1107	970	1358	2055
1122	999	1366	2056
1139	1025	1375	2059
1152	1051	1380	2062
1152	1050	1373	2050
1146	1039	1366	2044
1133	1020	1352	2037
1118	991	1335	2020
1107	970	1323	2013
1103	958	1316	2021
1112	958	1313	2023
1128	966	1314	2024
1164	984	1325	2031
1203	999	1334	2030
1245	1012	1336	2032
1284	1025	1340	2033
1299	1031	1342	2034
1311	1035	1345	2038
1301	1039	1346	2041
1278	1039	1344	2047
1252	1049	1350	2053
1231	1067	1359	2055
1223	1089	1375	2066
1213	1112	1384	2074
1202	1120	1388	2076
1194	1122	1392	2076
1177	1098	1383	2066
1156	1067	1371	2054
1135	1030	1367	2051
1117	994	1368	2055
1106	971	1384	2070
1097	955	1399	2079
1094	953	1421	2100
1092	949	1445	2122
1091	943	1451	2121
1085	933	1449	2123
1075	916	1426	2106
1068	906	1402	2088
1060	895	1380	2067
1053	885	1365	2052
1052	887	1375	2055
1054	891	1390	2067
1062	906	1425	2098
1068	923	1466	2123
1075	939	1494	2147
1081	947	1518	2166
1078	941	1512	2164
1079	937	1501	2162
1069	930	1471	2135
1057	918	1440	2111
1050	900	1408	2094
1042	888	1380	2087
1047	900	1370	2095
1053	914	1372	2103
1071	947	1393	2130
1100	990	1417	2156
1129	1038	1445	2167
1159	1081	1464	2175
1182	1097	1467	2178
1193	1107	1472	2168
1193	1103	1455	2152
1191	1085	1429	2126
1179	1061	1412	2107
1165	1041	1393	2090
1162	1039	1390	2085
1160	1041	1392	2088
1164	1054	1392	2089
1173	1071	1397	2083
1181	1089	1403	2085
1194	1102	1410	2094
1191	1084	1396	2082
1181	1071	1384	2073
1170	1051	1372	2066
1157	1023	1352	2061
1143	1012	1344	2063
1133	1006	1341	2067
1135	1029	1348	2068
1142	1053	1361	2081
1148	1070	1371	2089
1149	1090	1380	2087
1152	1082	1377	2074
1152	1067	1365	2065
1135	1043	1344	2057
1117	1012	1328	2047
1112	984	1312	2040
1116	959	1302	2029
1136	955	1307	2029
1161	959	1309	2032
1211	984	1318	2037
1266	1017	1334	2051
1326	1046	1346	2059
1386	1075	1358	2058
1405	1086	1365	2053
1410	1094	1370	2047
1396	1096	1366	2052
1371	1095	1363	2055
1335	1111	1376	2055
1310	1134	1391	2067
1297	1162	1404	2078
1285	1187	1415	2084
1284	1198	1421	2091
1277	1198	1421	2089
1257	1170	1404	2078
1234	1134	1387	2067
1209	1089	1367	2064
1191	1047	1340	2056
1187	1018	1330	2052
1185	994	1321	2057
1208	998	1329	2072
1243	1008	1336	2080
1298	1028	1344	2083
1354	1052	1359	2093
1391	1068	1364	2090
1420	1076	1366	2077
1417	1066	1364	2069
1406	1050	1355	2065
1370	1031	1351	2063
1331	1014	1354	2061
1325	1010	1356	2073
1326	1008	1360	2091
1354	1029	1376	2098
1387	1047	1386	2098
1418	1058	1392	2098
1443	1068	1399	2101
1439	1065	1393	2108
1430	1053	1385	2120
1392	1027	1369	2129
1347	1003	1352	2137
1294	973	1342	2152
1245	941	1332	2164
1218	928	1325	2176
1193	922	1323	2183
1180	919	1317	2162
1171	914	1306	2139
1168	913	1300	2110
1160	910	1293	2086
1149	915	1287	2067
1140	918	1286	2052
1145	936	1298	2055
1146	969	1314	2052
1154	1015	1337	2060
1171	1060	1362	2069
1187	1100	1385	2086
1203	1131	1400	2098
1202	1134	1400	2090
1195	1128	1395	2079
1178	1098	1370	2059
1164	1060	1351	2046
1151	1025	1337	2039
1130	992	1317	2026
1129	972	1310	2025
1139	963	1307	2024
1162	976	1316	2020
1195	989	1332	2036
1241	1012	1343	2044
1279	1035	1349	2040
1302	1039	1353	2043
1323	1040	1362	2046
1316	1035	1383	2060
1299	1025	1399	2075
1277	1015	1431	2101
1248	1001	1466	2124
1222	996	1496	2148
1203	1000	1523	2181
1190	997	1543	2196
1183	994	1553	2201
1173	987	1533	2188
1168	982	1517	2183
1165	973	1499	2165
1155	959	1478	2142
1149	946	1482	2143
1146	945	1501	2157
1145	953	1537	2191
1144	953	1569	2210
1139	953	1599	2232
1132	951	1619	2247
1124	944	1597	2231
1116	933	1572	2215
1095	909	1524	2175
1078	887	1475	2138
1069	869	1430	2110
1059	855	1388	2086
1059	852	1367	2077
1060	853	1350	2069
1080	872	1349	2075
1111	892	1351	2085
1156	915	1362	2093
1204	941	1376	2098
1250	965	1379	2091
1287	990	1384	2093
1299	1005	1380	2093
1311	1011	1377	2082
1294	1007	1369	2073
1272	1010	1368	2073
1257	1026	1375	2080
1242	1044	1379	2092
1235	1072	1392	2097
1239	1106	1417	2104
1249	1123	1419	2112
1253	1127	1412	2111
1250	1112	1409	2101
1243	1095	1397	2088
1229	1071	1375	2074
1214	1048	1360	2063
1198	1046	1359	2063
1187	1049	1357	2068
1188	1064	1361	2082
1189	1082	1375	2092
1192	1097	1384	2096
1192	1104	1386	2095
1181	1091	1376	2086
1171	1078	1365	2074
1162	1057	1356	2062
1145	1029	1340	2052
1133	1014	1336	2042
1129	1009	1337	2046
1127	1021	1348	2057
1129	1047	1367	2068
1137	1073	1384	2077
1143	1091	1400	2079
1142	1098	1404	2083
1142	1088	1402	2082
1131	1061	1392	2078
1115	1025	1377	2064
1100	992	1372	2055
1086	964	1370	2058
1086	948	1380	2072
1086	941	1397	2085
1087	941	1415	2103
1091	947	1429	2115
1106	951	1433	2115
1117	950	1430	2112
1119	952	1413	2104
1123	949	1393	2086
1125	945	1374	2063
1119	940	1353	2047
1118	949	1346	2048
1120	963	1343	2049
1132	996	1358	2061
1149	1031	1378	2074
1170	1067	1397	2088
1194	1104	1410	2088
1210	1117	1413	2087
1216	1123	1410	2092
1211	1108	1393	2081
1207	1084	1379	2073
1193	1060	1368	2065
1177	1038	1360	2060
1167	1036	1360	2070
1161	1045	1367	2077
1167	1062	1383	2087
1168	1070	1393	2104
1168	1073	1396	2106
1171	1079	1394	2099
1164	1067	1385	2089
1153	1046	1378	2081
1140	1016	1372	2078
1126	986	1373	2076
1117	968	1384	2077
1109	953	1401	2089
1107	943	1420	2104
1105	938	1434	2113
1110	938	1446	2115
1113	937	1451	2112
1115	934	1439	2107
1120	927	1422	2100
1117	918	1406	2084
1108	905	1395	2072
1099	901	1399	2073
1099	899	1407	2079
1102	902	1432	2101
1105	911	1459	2123
1114	916	1480	2146
1125	924	1503	2154
1136	930	1497	2143
1137	926	1486	2143
1130	920	1458	2120
1130	918	1427	2099
1123	911	1394	2081
1108	904	1370	2072
1101	911	1358	2067
1098	920	1346	2063
1104	945	1351	2072
1112	972	1360	2079
1122	992	1369	2077
1133	1013	1378	2087
1135	1013	1377	2086
1134	1010	1373	2075
1126	992	1370	2066
1122	975	1372	2062
1112	961	1380	2069
1103	943	1392	2079
1099	932	1416	2089
1097	927	1437	2113
1100	930	1455	2129
1105	927	1468	2131
1105	927	1461	2133
1101	926	1445	2126
1094	919	1417	2104
1088	910	1389	2075
1087	910	1377	2068
1078	909	1369	2056
1081	926	1366	2053
1091	948	1365	2061
1098	977	1386	2068
1108	1009	1405	2073
1114	1030	1411	2081
1122	1039	1419	2088
1121	1033	1413	2085
1119	1022	1402	2077
1104	995	1396	2075
1079	965	1385	2074
1070	946	1396	2081
1071	927	1414	2088
1069	919	1434	2106
1070	917	1458	2130
1075	921	1481	2155
1078	921	1499	2168
1075	919	1492	2167
1074	913	1478	2155
1076	906	1469	2139
1072	900	1452	2121
1065	893	1440	2117
1061	888	1444	2122
1065	889	1465	2132
1067	896	1483	2148
1070	902	1510	2166
1076	905	1533	2176
1076	912	1525	2171
1079	913	1514	2165
1082	900	1490	2141
1085	892	1467	2124
1082	886	1447	2113
1075	880	1424	2108
1077	886	1430	2119
1079	891	1447	2131
1085	899	1475	2154
1094	915	1505	2179
1098	921	1519	2199
1100	928	1531	2210
1097	927	1514	2194
1093	926	1494	2175
1090	918	1463	2145
1083	905	1422	2114
1076	899	1393	2087
1076	899	1373	2068
1083	915	1361	2059
1085	933	1349	2046
1098	959	1354	2045
1112	986	1367	2048
1128	1011	1373	2051
1141	1030	1371	2053
1149	1030	1369	2049
1155	1025	1367	2044
1148	1014	1357	2040
1146	1007	1347	2033
1142	1011	1348	2033
1137	1015	1353	2035
1141	1034	1361	2044
1145	1057	1372	2056
1146	1074	1383	2059
1152	1082	1389	2063
1151	1077	1386	2071
1143	1064	1384	2069
1123	1034	1377	2060
1111	1011	1368	2057
1098	985	1371	2064
1087	959	1375	2069
1083	947	1383	2079
1074	931	1398	2095
1075	920	1401	2099
1074	916	1396	2101
1067	905	1384	2084
1062	895	1369	2076
1059	888	1350	2067
1056	878	1326	2048
1057	877	1313	2037
1061	877	1306	2029
1091	888	1308	2035
1122	905	1317	2042
1166	933	1335	2049
1219	963	1356	2057
1270	991	1371	2068
1315	1017	1384	2077
1334	1032	1392	2082
1351	1048	1398	2088
1340	1056	1395	2087
1322	1063	1395	2091
1304	1077	1403	2093
1286	1098	1414	2102
1282	1120	1426	2118
1279	1138	1434	2125
1275	1146	1433	2121
1276	1148	1435	2120
1271	1134	1424	2109
1263	1121	1408	2091
1257	1106	1393	2083
1247	1091	1380	2073
1241	1090	1384	2070
1236	1093	1386	2072
1231	1106	1388	2079
1227	1116	1396	2081
1226	1113	1396	2080
1224	1116	1401	2082
1218	1103	1398	2087
1206	1079	1385	2079
1194	1052	1380	2072
1186	1024	1383	2076
1175	1006	1395	2074
1165	990	1405	2072
1154	984	1418	2091
1142	980	1428	2103
1132	974	1432	2098
1120	967	1431	2096
1113	961	1420	2095
1103	952	1406	2081
1095	942	1399	2076
1089	932	1399	2078
1086	929	1418	2091
1084	925	1440	2113
1086	924	1468	2138
1091	928	1498	2164
1091	930	1517	2181
1091	925	1532	2192
1091	919	1521	2189
1090	916	1498	2176
1084	908	1464	2162
1078	892	1426	2138
1073	881	1393	2108
1071	877	1363	2090
1087	885	1350	2077
1112	897	1344	2075
1148	921	1349	2083
1189	945	1360	2090
1236	974	1374	2102
1279	1007	1380	2110
1311	1028	1385	2105
1336	1038	1391	2100
1334	1047	1396	2104
1321	1055	1392	2100
1302	1061	1387	2095
1282	1070	1389	2086
1261	1082	1392	2089
1239	1097	1395	2094
1231	1101	1398	2094
1230	1105	1402	2098
1220	1094	1396	2092
1210	1076	1391	2083
1207	1055	1393	2082
1201	1034	1393	2078
1194	1013	1394	2081
1188	998	1403	2092
1179	982	1416	2101
1171	962	1412	2100
1158	947	1405	2100
1146	936	1403	2104
1132	927	1385	2097
1111	912	1363	2088
1096	894	1340	2067
1094	882	1317	2048
1098	880	1302	2037
1096	876	1289	2027
1111	879	1285	2018
1132	889	1285	2017
1169	904	1288	2018
1212	922	1294	2017
1258	950	1302	2018
1304	973	1313	2027
1333	989	1320	2038
1357	1004	1332	2042
1357	1007	1339	2044
1356	1012	1338	2049
1363	1022	1343	2059
1370	1030	1354	2070
1385	1041	1366	2079
1410	1058	1376	2096
1452	1076	1383	2110
1484	1095	1392	2120
1492	1101	1398	2129
1497	1097	1397	2130
1481	1081	1388	2146
1455	1068	1385	2172
1417	1043	1382	2181
1381	1021	1378	2203
1340	1004	1372	2221
1301	981	1365	2233
1272	968	1358	2230
1246	951	1350	2216
1228	935	1346	2197
1213	922	1341	2175
1195	916	1344	2158
1178	911	1350	2148
1169	903	1364	2142
1157	903	1380	2141
1146	907	1395	2142
1137	904	1417	2145
1127	899	1418	2146
1120	897	1415	2140
1111	886	1408	2123
1099	875	1401	2111
1094	868	1387	2098
1089	864	1365	2084
1084	856	1348	2071
1082	850	1336	2055
1095	858	1329	2046
1113	863	1321	2046
1141	875	1315	2045
1177	894	1314	2045
1219	916	1322	2050
1255	938	1329	2054
1286	955	1328	2066
1306	963	1331	2070
1303	964	1340	2090
1298	964	1336	2110
1278	952	1334	2127
1259	940	1338	2150
1241	933	1342	2168
1222	927	1343	2182
1212	926	1343	2189
1202	923	1346	2185
1194	920	1344	2166
1183	920	1346	2150
1176	924	1359	2143
1176	926	1368	2128
1182	933	1386	2124
1186	942	1408	2139
1183	943	1431	2148
1182	942	1451	2155
1177	938	1454	2164
1167	932	1449	2153
1153	920	1428	2137
1138	909	1406	2132
1124	893	1381	2116
1108	874	1356	2088
1102	872	1337	2076
1107	874	1318	2065
1129	880	1312	2057
1152	893	1308	2049
1189	914	1313	2048
1229	937	1317	2050
1261	956	1322	2053
1289	975	1332	2055
1305	997	1341	2055
1315	1010	1349	2058
1313	1017	1354	2061
1306	1034	1358	2067
1300	1064	1373	2086
1295	1090	1390	2096
1289	1110	1401	2092
1293	1132	1409	2102
1291	1135	1409	2104
1274	1137	1407	2097
1257	1124	1394	2085
1247	1106	1387	2072
1236	1081	1373	2062
1221	1052	1355	2053
1213	1036	1347	2050
1210	1019	1335	2050
1230	1013	1332	2044
1255	1012	1335	2039
1282	1021	1343	2047
1312	1034	1351	2051
1334	1040	1361	2057
1351	1042	1366	2071
1340	1032	1365	2089
1325	1025	1372	2119
1303	1012	1372	2144
1275	993	1374	2165
1245	977	1377	2200
1215	963	1375	2226
1197	954	1366	2227
1185	945	1359	2220
1178	938	1357	2197
1171	933	1351	2177
1165	927	1345	2158
1158	918	1345	2134
1156	920	1350	2125
1156	923	1364	2120
1157	923	1391	2124
1159	927	1415	2135
1156	929	1434	2146
1151	930	1445	2154
1140	930	1448	2147
1132	921	1445	2138
1126	911	1421	2123
1119	905	1402	2111
1122	904	1401	2112
1123	901	1396	2103
1124	901	1401	2099
1128	906	1419	2106
1134	911	1444	2123
1135	915	1464	2143
1130	915	1466	2150
1127	918	1468	2160
1118	916	1458	2157
1107	907	1443	2142
1097	895	1417	2124
1085	882	1395	2109
1076	878	1373	2093
1071	880	1348	2083
1075	887	1341	2083
1079	902	1334	2076
1088	931	1345	2078
1104	957	1362	2086
1119	986	1369	2095
1133	1013	1374	2099
1147	1026	1377	2101
1161	1033	1377	2103
1166	1020	1369	2098
1165	1003	1359	2100
1164	982	1350	2114
1161	963	1341	2122
1153	947	1336	2136
1144	929	1331	2155
